0	0.442606695255477	0.736351347770627	1.17627459759472	0.0890077072639913	-0.0545338175590735	0.664901491215296	-2.12148631781219	-0.345834603347531	1.93964352508072	0.869800826947464
0	0.123247867339294	3.40695524354355	0.480243978451695	1.68220762750967	1.53826957719601	0.413817244684388	0.380020370694857	-1.11093418877801	0.454305410013268	1.41244377961399
1	-1.66520012029283	2.20730663149066	0.00033328996884994	0.586041586394945	1.89815425173049	0.178927042355556	1.83195874648162	0.25709684380857	1.41560374329978	1.47427406463428
0	-1.92874809869119	0.0272579903346747	1.24001194320217	0.695115789553231	-1.4893523560469	-0.118035538460036	1.39770601846715	-0.789522772149006	0.751955891007407	0.758812070634851
1	-0.281586208123938	0.579196757076854	0.335950122176229	-0.197455543932818	-0.123229974909927	-0.418958412306322	-1.16272686547407	-1.47692567427213	2.60617849635322	-0.0337223552298212
0	-1.49108764695321	0.440829740674423	0.494568890295872	-0.411351230708031	-1.85876941430061	-0.663884505216329	-0.996406111733501	1.96205854731558	1.99110029974749	0.373599613864764
1	0.673801450721344	0.438712178434941	0.703324904841201	-0.549428167866774	-1.32218215837606	1.03483799043718	-0.0353714231379455	-0.218228815855507	1.65775911775072	0.308221084825782
1	-0.548512964391001	2.42867869832575	1.91724043004353	-0.457587096488321	-2.48697750158995	-0.142888376782919	-0.562677364991183	1.58038265255556	2.28981449069902	-0.519863210230086
1	-0.218038836921322	0.611743102087771	6.30045521247099	1.6270906545077	0.317103433913714	0.166291619381859	0.992676334642836	-1.15531355081592	1.13448348628827	0.731464241376975
1	-0.235165455795642	0.013271253110171	1.40142806713144	1.74178938255952	1.76199164664709	-1.84029657220885	-0.252208841545336	0.460202954388672	0.519857764421983	-0.94924005405537
0	-0.250141970225938	0.467068921048849	3.59869445651779	0.00539296611450197	1.13127513125867	-0.116415420729816	-0.170102576427133	1.69463656950314	0.652637634889439	-0.305094551346918
0	1.62568200978036	0.533023643922796	0.0568149211366927	-0.984818860636949	0.933696529767285	0.825965117606583	0.626420780380866	-0.0888788493867564	0.661388327558971	0.841254919831938
1	-0.217689894448618	0.753493952136825	1.18969300944415	0.146271917384593	-0.104710234267855	0.0721722897757616	1.73605436237788	0.14602902382802	0.951219081935175	1.75164430750869
0	-0.531226368843574	1.13586659481372	1.6843008182668	-0.586165985711312	-1.62153119912564	0.647504332734857	-0.288426174526643	0.384382552661047	1.41864976468284	0.838771816660049
0	-0.804072838560466	0.0815788500897684	0.361479783084058	0.662929360479368	1.10373678052839	1.01184050304123	0.34819722302915	0.116090992832358	2.05020081164909	-0.0527082049932101
0	-0.0992111548763363	0.385648839557857	0.0107773100481446	-0.907169270220544	-0.568998959392824	-0.581744138454625	-0.597239365280758	-0.247066113484354	0.77974908125492	-0.350521870772749
0	-0.196425563500911	0.245576040266224	0.953945112516862	-0.962679497253587	-1.0118370673968	0.299862665885453	-0.388264498025961	-1.02114170540154	0.81509657628701	0.214882590043862
0	-1.8652766505824	0.133216467051972	0.492725392859273	-0.447445795873374	-2.25359875011912	0.215894728700497	2.89489857961921	0.554266256360243	0.915009224051077	1.23655923779969
1	-1.06105966078977	6.41918347659486e-05	0.019894712326104	-0.702424056443998	0.0490550386774605	-0.376623567259269	0.716550914792113	0.37411859323378	1.58528290713323	-1.0157782843732
1	-0.639320435358219	2.04463926068497e-06	1.96036506976466	-1.13679752040702	1.57352840223559	0.814227467079669	0.189988221473922	-1.19112118118225	0.649974221979047	-0.086888988785557
1	0.397234650198491	0.361677357532792	0.188590256897374	1.05846477975421	0.836962833928241	1.25298299057407	-1.16408573006222	-1.13417581367168	1.25353079956214	-0.641864317701893
1	-0.585844165568379	2.25840839932731	0.765631806398188	-0.515391427042819	0.859165438561772	0.142811611129133	1.89193679688913	-0.689067880713713	0.53327622840725	1.84171961826659
0	-0.477486246986984	0.545549341592507	0.411620434160903	-0.0627541098620202	0.67647723839004	-0.212607769366401	-1.58448095962061	0.127098827157479	2.19163614765076	0.0383603218071436
1	-0.119101308042572	0.409504820800406	1.17200432132326	-1.17683283744347	1.63528172070044	0.265337313768601	-1.13882422171113	0.554766119323818	1.36057753521747	-1.28822164061994
1	0.606829246534632	0.230558489401252	0.524062769047749	-2.35019749484892	-0.851207813583257	0.164584595388422	-0.347121089259541	-0.408557685259038	1.696961663307	0.562538570928259
1	-0.295926027099716	0.00084701090051742	0.02857193285165	-0.862504963790841	-0.0583725374373589	0.991135578652111	-0.878079777591796	0.624302622907463	1.36702530320393	1.95829513373072
1	0.13183332879349	0.0480875939121257	0.495617089583795	-0.989814035670835	-0.882745443453392	1.47581096078608	-0.329623935780175	0.649861624795113	0.714349948138668	2.43388985826491
1	0.114003557211252	2.71532193257801e-05	1.44377858749507	-1.23837891224797	0.394194035081524	0.518751777829225	1.40992358821141	0.350829544942417	1.46313115350174	-2.02707083187042
1	-0.633657434734028	2.07493176156784	0.720174913992103	0.146519880239538	-1.58056016234615	0.333887459589265	2.1664076774776	0.0920021736009991	2.27185321311253	-0.659454726835132
0	0.477508155682107	1.23915524626356	0.000565818076289431	0.215040782555728	0.798351506364825	0.373139892221581	1.13700461641246	0.447659550954734	0.838340497285641	-2.63678197787616
1	1.08600610379338	0.930506620535124	0.261309111911218	0.0862800599517112	-1.03944840385863	1.92784900252162	1.1183362311444	-0.0742237335535161	1.25433395327673	0.0714159034237098
0	-0.855180509297589	1.60207161809288	1.5271377958171	0.344975116982189	-1.46274739554015	0.26527651463665	1.20688561774102	0.675076579719937	0.502552707128162	-0.730378862800205
1	-0.703000205207171	0.391295423226855	3.692258515021	-0.0464639607228312	0.255228826097821	0.538058928646755	0.99141778262913	0.203391785196444	1.16849878817592	-0.690664629495441
1	0.343841527558442	0.326644877168922	1.8269469813808	-0.47596485762944	-0.777033734589162	0.240634696521754	-1.87490119539862	-0.647172482180465	1.12084195682335	-1.04580358239868
1	-0.343321305434389	0.339535336023785	5.51936286077775	0.0307275787837971	0.645543372748177	0.818185335446996	-0.23223089290884	1.24693584221115	1.18873945939368	-0.137632543468378
1	0.558523415369164	0.269485281126508	5.60870786447351	1.03442069943405	0.243037769402032	0.900132847196376	-0.663389002742873	0.176570140670354	0.88750938521419	1.24405039555154
1	1.0935349157338	0.537883607358855	0.863722830369943	1.4816897432242	1.23244589466621	1.41370909963869	0.319808540795712	-1.8365457576147	0.864848698782035	-0.800191833165864
0	0.85584466164324	1.26908712203938	0.4118838160255	-0.615471004619378	-0.206591400675216	1.13484588536847	1.56726344018565	-0.712503158517308	0.827131119912481	0.059561108465864
1	-0.25471399539784	5.24053083017066	3.42920543210581	-0.810786352794198	2.65101931612162	-0.852108602588858	-0.486044130645852	-1.82206083148842	0.712501554488425	0.524467612490437
1	-0.138398669379707	0.76887962904093	0.323442431762313	-1.42654619263391	-0.955974317537495	0.228129777729645	-0.317956639706473	-0.383023520754816	0.342730439215541	0.227655444186473
1	0.701449629462141	0.346335130993292	0.33232266794071	2.08078926609006	-2.69799480657583	0.780378438482551	-2.05510556525844	-1.05551905378441	2.39449021638695	0.89960030021764
1	-0.481043482990458	0.13473175972436	0.0285515859456733	-0.362412620317106	-0.824684613420006	0.738532910437032	-0.333112518498097	-0.314137404296263	0.614543006215454	0.858785970351944
1	-0.367258526058077	0.222937036358435	0.00816777104410212	0.820465543136019	-0.477806386565738	-0.852314127634453	-1.77290079211955	0.71391508355403	1.01039268472135	0.790551019667204
0	-0.608226147004529	0.58550828521809	0.0143723129548524	0.408441788744285	1.37833257042077	0.922475411698811	1.26609864528794	0.55923541762601	0.578428307166788	-0.0694289528149815
1	-2.859924161925	1.61718285074329	0.985431537626972	0.177716512831813	-0.647157183276286	0.835087439765891	-0.946948691902136	-0.0789897221802375	0.799450723056192	-1.90110814814134
1	1.42223854624419	0.287477467536669	5.40669484328629	-1.23192794810923	1.13917063007311	1.83786100345446	-1.74198050092132	0.192106895595031	0.561296683504302	1.06276952894254
1	-0.634953834093729	2.17668413584994	2.91910025008191	-0.121716682949893	0.112951398410197	1.09174493930939	1.61695325063162	-1.36803276663468	0.986686541640842	-0.127319991680466
1	0.169062179990992	0.302563050366519	0.0132579372136114	2.02848507904741	0.0938710016682574	0.45975078281317	2.32738254436302	0.756547607152877	0.68561708339991	0.955952997676123
1	-0.96089241905444	0.401999685903942	0.262968022935635	1.70726051400219	-1.62037420911297	0.826804981490464	0.232207730069498	0.192557827778002	1.3630860071842	0.585515499395594
0	0.844445704347647	0.302872516547251	0.986368179560185	0.467534166803214	1.79042981117866	1.21644162567663	-1.09652501225437	-0.0184114687998983	1.19619453218723	0.13782478283917
1	1.0618567886306	0.0307932673896755	0.0866890154261555	0.941022394852302	0.146982232183649	2.46739393169092	-0.973338921878767	-1.57771099746253	0.638774245848032	-0.581362203259516
1	-0.815658430930008	3.90813085831513	0.534801462123411	-0.8804672666213	0.835899351015799	0.339925989297777	0.696196653793872	0.904367991508983	1.69486970312608	-0.44309005875501
0	2.33638488400076	0.265926963469273	0.240306496545201	-1.18742835380786	-1.09034437332544	1.74170899272364	-0.491270590160197	0.328310063214575	0.651872163627156	0.947557118327926
0	0.00306703554572077	0.0803290498661642	0.917272818258011	0.0943511884871768	0.742789449747252	-1.06539223734985	-1.36255095228839	0.775293873899424	1.08871829133063	-1.99586285639762
1	0.309069226835543	0.187179881017427	0.254469347253714	-0.732170699343987	0.38996139187199	0.0858431367655591	0.412399197343814	0.860142743209749	0.749485049028283	1.48291625376541
1	1.89684831921352	1.10175210019221	0.066241886619522	0.379691255798363	-1.37805378551962	-0.41325087259154	0.694568696713473	-0.263993769096048	1.48643665832978	-0.957600820136353
1	-0.478193890319073	0.169899959631268	1.66545111335508	1.92260271130875	-0.745338962001053	0.326945692221838	-1.34285836224222	-0.335774193535695	0.555373733307261	-0.00935261645869649
1	-1.27961235841109	0.0290477218781169	0.525151238308939	1.80463526858202	-0.341648094363696	-0.253116143376045	0.117707650555532	1.33380079368989	2.05317652064981	0.984916626150454
1	0.652168613524935	0.581015522724236	0.499741206727504	0.169957434818905	-0.960150822186777	0.636863084751085	0.837373976386393	-1.51225801300453	2.02673539938889	1.30118143725808
1	0.999909099012559	2.8976205775601	0.615166982319873	-0.424061970238476	1.3513517581491	1.14250545520764	0.119703439197883	-1.60314119355342	2.13452994916691	-0.212678212803974
0	1.80863826809909	0.298482463182625	0.557842941927337	1.12716667415439	0.0629743229650403	1.37677066745083	-0.779518901240812	0.401359322925431	0.757977965130069	1.74788639222728
1	-2.41576941420342	2.60886573889994	0.151465981630667	-0.236460423746901	-1.555160104377	-1.10004873524082	0.898677649541845	-0.173660320402244	1.33279546556985	1.20133387877775
1	-0.443920642978859	0.000607802160002779	3.01827403184199	2.89939302329279	-0.908474090909641	-0.278691972796816	0.907752134933327	-1.66151787470353	0.751771441409001	-0.210413704528201
1	-1.95666684462772	0.0456060905472085	1.77203989287414	-0.169565346971787	-0.159581881154767	-1.06929623736975	-0.606679291965678	-0.140664519328612	2.33926087167753	-0.13435307525432
1	0.0455017308883005	0.0667323123382893	0.0270422219664814	-1.08133143116044	1.28921468793219	-0.371751011150305	-0.402043925477665	0.609756068792793	1.43677782824085	1.9373752425228
0	0.710913160985794	0.523135007815765	1.06104850494224	0.817617536419394	1.42641655844432	0.543433639252104	-0.101918267313342	-0.019639735058033	0.810888865896888	-1.74383663480467
1	0.67170998022142	0.873475491424914	2.64446269019142	-0.590148108712437	-0.232822360405893	0.858535216330938	-1.77855804801344	0.4562581083089	1.66455314551071	-0.389999988025204
1	0.640091196048172	0.449500708771452	0.616463235462723	-1.79744568756111	0.246432183240902	-1.20994221533467	1.75695275298889	-0.396872759439736	0.445179525536011	1.14608008186952
1	0.112764343607884	2.41907501816235	0.0502192623787594	0.44948490158834	0.723673654840164	0.601781418127949	0.498713752575423	-1.41642724678801	1.1123375932336	-0.705455340476043
1	0.33453920293829	0.41503144678523	1.8384614525474	0.0913266787794778	-0.951719420542883	-1.3490296513221	0.445638384362756	0.419592660831366	2.63077193777436	-1.53793408946427
1	0.723884647338674	0.0171365148536022	0.00116239169125339	-1.83165126267179	-0.409964965922467	-0.502339265428477	0.0526779647122217	-0.0669266166538688	1.70782416250576	1.08248784558598
0	1.15793147182588	0.00974881014656704	1.90480930345695	-0.180648649140354	0.840159138088419	-0.90580148971157	-1.00050328030474	1.93710178252478	1.07938648559269	0.463350446654008
0	-0.860926479370249	0.00436907224399319	1.19691472322967	1.50694490874616	0.194610320393079	0.0965011606547505	1.42262023475621	0.248721631718869	1.56054084743271	0.673645029699022
1	0.642225968175436	0.087289777776942	0.0674074244863467	-0.746482382607705	0.205511080267546	-1.04912323665695	-0.189948873456529	-0.696633233556667	1.28080142204208	0.0917636281691404
1	1.25920032899038	0.00725462292854233	0.401481243333194	0.365369900897552	0.937258671834521	0.49345994510711	0.414288126444249	-0.253584247352096	1.66951081936058	0.291628422906459
1	0.777140078091031	1.03336826049064	0.0860229916016982	0.753349247827871	0.720353398387839	-1.19149466115145	-0.815900489814448	-0.19203451469629	0.498164618219428	-0.702431272308116
1	-0.306984244822453	0.520765437150283	0.840220374557281	2.63164061849704	-0.952089450164907	0.700988546465964	0.605093085112298	-0.561509961391576	1.52933239446604	-1.86688329567675
1	0.237844703675681	1.79507711883951	0.0306797362672458	0.0401547759040736	0.69554021706876	-0.200740698685166	0.0604945212867003	-0.369542367793447	1.77699556210915	1.80637203552339
1	1.2089883679298	3.38087884693829	0.441480762957316	0.459873313547273	0.0537458645098064	-0.155048365516391	-0.774828251136332	-1.54670550550454	0.989991387010719	0.154980573738463
0	1.25632761820578	0.212003383208779	0.595709714336795	0.918899917228171	-0.342522009829594	1.17378560626652	-2.15697949312064	0.371127430448732	0.308360590730591	-0.501031520290842
1	0.353298115813537	2.02468783630921	6.13475690267796	-0.834866183095365	-0.320058802420896	-0.470125081158048	-0.942368101969884	-1.50839986574433	0.921971299600736	0.107721019105499
1	0.480793403008817	0.439724108624853	1.23465019395461	0.199455384564071	0.831490293835068	-0.469989118789166	-0.712442709368781	0.0943825140113265	0.839612389724117	0.755688123952891
1	-0.251475095738964	1.98858371366977	3.11112999762139	0.254752315308413	0.607615959196225	-0.289306003422471	-0.316442201720244	0.438462655149149	0.7439882665131	0.119001769116064
1	-1.52683827450711	0.0409166357428318	2.68893455294492	2.8786766840627	0.0630459997906363	0.916277574087915	-1.33486597217677	-0.96805482278412	0.822193735772434	0.353652923996106
1	-0.387942890086214	0.108667108976567	0.128539027382039	-0.104130258235478	0.424275473006806	0.310562082341277	0.0982352024430784	-0.561006158724348	0.639053940877713	-0.196653083665862
1	-0.987066342841645	5.28057882738518e-05	2.28827787215536	-1.48078294167538	0.145579588122804	-0.419531053906209	-0.99616003780998	1.11392219056463	0.900508893320234	0.615005017887417
1	1.86512882399751	0.0110069840603588	0.9185178419817	-0.19560505096877	0.00353958902479737	-0.388683829689076	1.16153551945413	1.20914979086492	0.404090949304906	-0.217532253698248
1	0.377525462798391	2.05626971551978	0.15368331812173	0.432003005919805	-1.28839140809613	-0.931542468293661	-0.698945042080432	1.29659490967905	1.97500664436395	-1.74607593631008
1	1.21315825567408	0.600117395316888	2.09215500991571	-0.254525032703333	-1.02136121332218	0.239491823088664	0.758231601706583	-0.429441003133593	1.37406773491065	-0.0393291664084397
1	-1.38622549427064	0.332374219756203	2.34613242933709	-0.0882419284909052	-1.12097679647017	0.472183738173664	-0.0555399252907205	-0.938384642825215	1.26751098483226	0.524958872360515
1	-0.478415343106631	1.42870106379778	1.26453075210324	0.0342138484233313	-0.959331962663088	0.383588111943011	0.139916782757949	-0.0986638200207871	0.670836098915303	-0.0131883462351135
1	-0.0237129668917075	1.33217224171031	0.62402592358626	-0.331732159417182	1.63253216370395	-1.03260332819311	2.71876914374297	-1.10308087098743	2.49232218839234	0.744593122121417
0	0.756839722868265	0.104571939454279	0.806997629123676	-0.147298235636227	-0.270559330911579	-0.44499213552017	0.834206025131698	-2.27803180489846	0.867148441722391	-0.729038743171421
1	1.61620696539494	0.246715777644237	1.14025948948542	-0.565007017600845	0.934682020415035	-0.82190415647914	1.24649682979599	-1.47154253250497	0.848558220978532	0.121083413507044
1	-0.15445578939553	0.199712314697754	0.806456897167863	0.492225014265305	-0.337264907544971	-0.437301480800901	0.0505108407198788	-1.11379287360021	1.25565268142938	-0.297860279348941
0	-0.693858647251386	0.392739546957819	0.00296549986557973	-0.49047942717556	-0.559961361587431	0.531227298655733	-0.382430072706067	-0.303710963398499	1.60881739233321	0.185664642320737
1	0.807901424520219	0.539399482570174	0.333091437809661	0.552229896106122	2.29915713364025	-0.849814830829495	0.043522442359501	-0.681971983045405	0.499113513745639	0.373819197154043
1	-1.47956110605269	2.82356550002472	0.0313545332939808	-1.68501542822136	-0.628974748660315	0.771052309644099	0.204640655133284	-1.21386725291835	1.92129813398655	1.47174176570477
1	-0.522346222412441	1.0448306771237	1.84192346126417	-0.418275204959159	0.555785178210278	0.0204726103998574	-1.28288789823413	0.666071407138899	1.56487016002749	-0.154430826378715
1	-1.67982115620824	0.00167915071526513	0.915002688419848	0.828305143104924	1.55776574558934	-0.448354863803177	-0.348376152946797	0.534291145165352	0.885126469486445	-0.561630969412846
1	0.248273969638515	0.132476155280418	0.810276488584423	-0.0795183434056226	-2.01939616482295	-0.92053172370591	0.270273456145307	-0.714519221875248	2.24440291369134	-0.335698380042144
1	-0.125454428987941	0.7347477135451	3.34417253419241	1.06926198308342	-1.54603803426386	-0.441868130144839	1.55704937464465	0.612146169915767	0.58980072670982	1.10304723528279
0	-1.13725414978659	0.583441984467294	0.0744459629950773	1.08275717574859	-1.95348180265541	1.45324537200168	0.240781628664469	-2.31261653539829	1.10336657189793	0.851551320180978
1	-0.0537894264916983	0.0449926978048441	0.440738623896672	-1.28826128145248	2.03957101831558	-0.870647090075389	-0.244172140548616	-0.983227699573516	0.668940384629702	-1.05815647298335
1	-0.812771325914839	4.720645615471	0.272509928823392	-0.183760543504087	-1.09823817075596	0.68970717164578	1.06127367109322	2.18822250813004	1.28147007551735	2.54739307911445
0	0.993886494092025	0.0330234337516717	1.32736583971156	-2.05583063931935	0.560312348681222	1.41237109172187	-0.542588539260005	-1.02664207172504	0.569848378033166	1.12486502446933
1	0.0931161747357686	0.704433800127161	1.82697845278907	-0.194329680903284	-0.054992937971736	-0.352881240189304	1.2141787999887	0.439225304453881	0.608159923375513	0.380434788312005
0	1.12169969581882	1.16629685331137	2.06810655137972	-0.658831484200051	-0.171948730359538	1.36285456825526	0.361771274275999	-0.976089287525357	2.16730799655615	-1.74455449783128
1	0.654955256849942	2.50328011219876	0.0213746351420588	-0.630021758321032	0.777562515010757	0.0226224558900642	-1.80638747068227	-1.20615481399199	1.75998272040825	1.09247081063212
1	-0.673593645088961	0.42073797030055	0.764620632993841	-1.3226995479218	-1.22900661746135	-1.74368022262517	0.855783690479105	-0.814670592498268	0.967849659544669	0.457669441610798
0	0.100514442909073	0.0932532106992132	0.221589810442488	-0.022128174809739	0.177548009751088	0.385580600857897	-0.0564774550005852	-0.531502365829649	1.7511861988379	-1.16513051795557
1	-1.36695870857421	0.049607573508888	0.573892008062058	0.697114649044456	0.00416743438707713	-0.0813178922221915	0.572709547345577	0.654821241385981	1.44876913694099	-1.11341427239664
1	-1.36844514546252	3.64033219917102	3.52303373102929	-2.03498366189877	0.250294858011316	-1.07724478280146	1.14816271841289	-2.0337871968077	0.360773794334844	0.230048209707727
0	-0.401189009419492	1.24566649303138	0.0251791382823249	0.459173080746118	0.523317582652338	-0.833872265508807	0.254047265137161	0.614528557274285	1.57066080511125	0.938375526991763
0	0.0399039379179593	0.0612350577757994	0.37446771745264	1.62620755554163	0.761886960914641	-0.971681744867064	-0.791209277865043	0.256849172003755	0.805610868842976	-0.486365285212992
0	1.07145513624805	0.31321090241007	0.341722440032649	0.327415473632072	-0.987812122391736	0.261903990899704	-1.77410480609931	0.874166588260446	0.707891283653796	-1.44587364289608
1	-0.640673040735314	0.0359194196632422	0.365835270791767	-0.964888516720844	0.32887079079141	-1.2036288436744	-1.04486657925077	0.974795162693569	0.633079124849662	1.61481436528586
1	-1.09927520864205	0.203991055292846	0.137781408736133	-0.172397952766128	0.0504036794251409	-0.909158876638589	-0.827338591723263	-0.730206212669022	1.75396806791918	-0.558163111899255
1	-0.28606537643195	2.51552034356162	1.11673801052532	0.507794235959576	-0.173213329090859	0.660974549993041	1.65007152672322	-0.527504385338859	0.631684640810025	2.24443579010015
0	0.324337677018901	0.00400866179402816	0.0221720111758416	-0.293183277715526	2.01427276435008	-0.714884147171707	0.285473956843376	-0.252362145815783	0.553700933445763	-0.577072080871911
1	1.93615670600258	2.21740570147324	0.451028154840768	-0.885779879577392	0.763237038882343	-0.250151540598584	0.610962636134646	0.885973439011534	0.92390970593779	1.22020742184984
1	1.99590342129152	0.0848767487928439	0.854758447493005	-0.604177808336722	-0.389155276557622	-1.75039104623723	-1.17628066244787	1.26257473706096	0.668181099850198	0.581457163101323
1	-0.150978398917417	1.79436648683865	0.0342437163147255	-0.459982716956857	-0.341305380016197	1.07872173565305	-1.56206016865768	-1.73457052811454	1.02927752401296	0.238995633928005
1	0.204113382716573	7.30385408905423e-05	2.79521100139329	1.62630519995017	-0.857094429472758	-0.788236717320693	-0.366077540051622	2.02622697520163	0.34170093803933	1.14464658674688
1	0.755509055994778	0.00839367392508602	1.76679555160333	1.31011905231587	-0.955223470727899	1.75456903870109	0.647745392267977	0.637018203160569	1.11816108265761	-1.1615434763357
0	1.26543967975269	0.082297160708957	0.0479591313983202	-1.47370119502107	0.794172192144385	-0.0498920798164487	-0.778189271033297	0.887871453525447	1.24438060302075	-0.128161192108553
1	-1.22303896109201	0.562796041678639	0.727264757305113	-0.438811941125434	-1.08255838764766	0.371004639443238	-0.515109329643418	-0.126161837887693	0.943153175750647	-0.506543236189194
1	-0.788534212007117	0.404926383114227	0.930905834661845	-0.429583905840476	1.07112893978997	0.656783896225545	-0.622691894729665	-0.00141834989394188	0.355569015635106	-0.780802184248035
0	0.595951225425366	3.16998123796112	0.00138284844288172	-0.011965659892685	-0.112633831372736	0.238997814684105	-0.119031621928597	0.470804085080867	1.27642119739975	-0.0782109691926573
0	0.30771310364788	0.0115656658802086	1.11055733990419	0.504414709485596	0.539997724703039	-0.286326721234379	0.164047841621655	0.110173709535665	0.792148075069504	-0.770435862905913
1	-1.21720721243496	0.31035710786791	2.76184183242095	-0.0412809743325984	0.314080023742732	0.299826998418169	0.14448400253044	-1.18076780459066	1.04504908879891	-1.07998742379381
0	-0.61507409927634	0.21212073214849	0.8412626132754	-1.16785228523144	0.56390544096786	-1.57427156464597	-0.494510082735917	-0.833738671738808	0.853585622850876	0.562004200029212
1	0.62149392407233	3.44297778423748	0.198308577622596	-0.653142370199314	-1.16140890793827	-1.02673593091821	0.938223445628863	-1.5840981694793	0.517553900988004	-0.0518392166370154
1	1.84520885644492	7.41725479287089	0.119809905877633	0.203962185106293	0.694216577110264	-0.726363281473395	0.596128571737918	-0.794347093612507	1.07000951305698	0.459909763278066
0	1.33940349840834	0.165619700304363	2.1015910100525	-2.72770850550319	0.0542903859895677	1.64873485165754	1.22659465757365	-0.258146242725544	1.49594282425975	0.16746270960839
0	-0.341114339423396	2.09110697297518	0.0918223963536772	-0.329182117411807	1.56172486588025	0.58889892532625	-0.141356936877922	-0.424490941725924	1.17827194498281	-2.69919859926215
1	0.0757718786089968	4.89312963534749	0.409683381113417	0.280372168409693	-0.541877620896148	-0.874409098032411	0.13527255409151	0.315496464884304	1.01889676564373	1.76838267426895
1	-0.172638891045052	0.000585267163330223	4.52800343633052	0.708482165389157	1.05390412543129	-0.17695670647137	-1.78616458833376	0.802177280984034	1.97702335530306	0.830638887869313
1	0.0149433587800188	1.54031927368052	1.61278194030615	-0.874019905486443	0.149797527549559	0.797439277363002	0.653515895526274	0.439601017951523	0.884435630097323	-1.6521305546385
1	0.691743197622029	0.430720700745704	0.405655800426632	0.0470179138275119	-0.531105836792819	0.402182752845593	-0.636607765788102	-1.80523362309104	2.03395958588308	0.848965412067907
1	-1.07362424054517	1.5445803996997	0.818225802500055	0.8274722475616	-1.28935825413373	0.583154508746416	0.986254248719912	-1.62212000859582	0.589829997596879	1.05143287234116
1	1.45814886150807	0.213280759615682	1.32617409116441	-0.233871546366305	1.58068006738535	0.112472068087932	-0.884021092293491	0.0439468860721888	0.824066199968909	0.024296093717135
1	1.08207983856511	0.550155817519661	0.118474863529225	0.889765126069248	-1.78834066492873	-0.275621233288813	0.60422233839072	1.49133828210042	0.467430628812568	1.21963698472237
1	0.528449048033751	1.46100329958668	0.0855461338026921	-0.930931341804299	2.63500963799347	0.468856189713955	1.57564952028533	1.16675126650856	0.62044066674059	-0.67124597498043
1	-0.120718470766534	0.0642128936002796	1.61432621069004	1.12635494070875	0.938150745782785	0.842340779527664	-0.333807613498955	-0.919761613623023	0.965075106817849	0.694640558836216
0	0.25387688359292	0.0327495079579651	0.219213466993128	1.7935610712728	0.505482333787321	1.15943633631553	-0.325641928883265	-0.776299940839158	0.612191021305922	0.0462670393524594
1	-0.461469941589103	0.325649586409208	1.58891235023325	-1.36141456885662	-1.53552924036402	-1.19630400408958	-0.556264191111937	0.44341918123183	1.10758851430468	1.00616727295063
1	1.00371783042923	0.0110364458171409	1.26922030940549	-0.0692845279017854	-0.607907356215024	-0.141741623003095	-0.788266339397112	-0.027513284900842	1.11502886154843	-0.105875035357239
0	-0.588956041361215	0.0604255525093961	1.17518635453089	-0.179970979388132	-0.705855777634008	1.69031449029774	0.608806259144176	1.69735948304783	1.55222373182946	0.219296493975876
1	-1.80986128754859	5.48546763161932	2.35617854751314	1.23078210407574	1.53057795428417	-0.607798882357765	-0.85885237804068	1.93875704302968	3.0036197210991	0.870281654809451
0	0.332174440276282	0.0664113551954837	0.617435049081326	1.13387303683902	-0.506637530512772	1.59814712802955	-1.04020478916563	1.14026842464297	1.817575367878	-0.408934193830887
1	2.00876453640305	1.58136567258324	0.233535899033649	-0.617846103693572	0.716114777859126	0.406949650464577	0.498359632479635	0.902650679816588	0.705120503287836	-0.133916590467397
0	0.29190704217453	0.120077347693817	0.421598500050102	-0.836690913199973	-2.15890091466574	-0.890973855336294	1.59889826654279	0.603451557685496	0.736302455102518	-0.322176110728288
1	0.566816546833394	0.156658907468822	0.719111970607338	0.761484930667538	-0.66121645482131	-1.06458699816749	0.640573024874735	0.484405790301997	1.27144104921629	1.62143626853469
1	-0.164281546476069	0.0596716027379141	4.80036992022929	-0.435101928995687	-0.0584284396345385	-1.68889509936244	0.148237345359278	0.43888729789739	1.198325215056	0.262953699954069
1	0.278907591684598	0.263325171815877	1.23605568604644	0.180958458193246	-0.651058537592179	1.17481373557166	0.107796146221028	-2.26403170395388	0.749070214596905	-0.0257686358105306
1	-0.178808317832657	2.31740425939727	0.0156623312598731	-1.48670765756857	0.460923262849186	0.83140140411087	0.447566478635456	0.0718750026754628	2.94831557697173	1.59440828014948
1	-0.263957119941833	1.14548990631257	0.898304456358542	0.282216141817134	0.634969982017715	0.609515260170697	-0.551768567663038	-1.11853788968726	0.50651403597296	-0.368068413239955
1	0.861466415521287	0.786077624066863	0.914626858629105	-0.317654587476243	-0.642007602587875	-0.441554265021918	1.11154939405691	-0.199099316260786	0.475966939588149	-0.723708595113515
0	0.512528922170603	0.133788546160508	0.0322548642701846	0.441508332098311	0.655318098563421	0.824221919953562	-0.896440108022236	2.4894804940649	1.52072542594169	-3.24623301615188
0	0.315406048662477	0.0139447399437388	0.102640174578092	0.0369388218167049	-1.16308056320656	0.122222398073155	-0.63001130552755	-0.691731966113019	0.718662581881422	-0.223638060955252
1	0.534585467442337	0.0996984194233019	2.08584520380225	-0.606650699411272	-0.240991089584266	-0.164262701697846	0.018540923541655	0.359903968456395	0.770035824194454	-0.210674968070809
0	1.47690109210635	1.73274390369791	0.883011827807972	0.314193438613014	-4.64870313685578	1.16962233294063	0.595636685954984	-0.944457848102363	2.12463313746343	-0.479394206974846
1	0.893409289914135	3.53267772274376	1.69714727660851	1.33460946831668	0.227761476020717	0.132750891896136	-1.05458493790235	-1.00740305688617	2.42657706843182	0.0962730993015725
1	1.0133921337173	3.49238913938046	0.0944192483876666	0.172647983987687	1.58188617390018	0.337312703357119	-0.219670697271952	-0.120544487713012	0.551824752813907	0.807236566328722
0	0.189368144682067	0.583109155128241	0.0822757371874891	-0.192153785447718	0.498231737140052	-0.560029191760856	-1.1051798116176	0.606975274381416	0.559867620290133	-0.415456372972962
0	0.546865219079575	1.54037789422764	0.000688776362395914	2.40955276008689	-0.808354529098948	-0.860991485948647	-1.33763928472479	0.112108748728647	0.42494385889644	0.762126926674904
0	0.298535757272971	0.0222552762568176	0.447848872452151	0.738655210282728	-1.17709837908411	1.10723862754738	0.263219781605567	1.13488730724828	0.695876519710681	-0.522686663858636
1	-1.15025753796142	0.349449555177307	1.23451683796557	-0.265292596925038	1.01934276819315	1.26549639784874	-0.31003706845549	-0.619316970145224	0.568877316741423	0.899674927687962
0	1.16155577835673	0.0195192299638527	0.661042708034877	0.353947623101284	-0.633988241726863	-0.569443893519462	-0.611050828231026	1.08697346439044	2.23032108912899	-0.693982383047613
1	0.807143825745789	0.00018976390851634	1.79857241855952	1.97059103581001	-3.18100173173526	0.242033663299439	0.642432013722752	0.677486425172225	0.812523764081469	-0.363254171644025
0	-0.305418482675783	0.618608969955122	2.04225822930264	0.688986392485114	0.686466264889154	-0.382312501661311	-1.91548713679758	-0.176034358977054	2.29326334791646	0.790077198029705
0	-1.93508528067173	2.53001177716496	1.80251737311374	0.522564176049346	1.23119653485743	1.25252007379906	-0.731054184511992	1.06418493448218	1.26816310492127	-1.53407584561402
1	2.13252081847642	3.73379907299131	0.63220348002327	-0.719102471127757	-0.956513636125091	0.516240556237653	-0.706526060239809	0.566679411002992	1.12065574419034	-0.578717211868728
1	1.70287227629717	2.95807020982255	0.967667712832193	1.02924440147556	-0.736688123292332	-0.718941135834718	0.322932632793101	0.468108167941911	1.38396500151488	1.27906880938844
1	-0.290423272968332	0.597492766370443	0.0370131134034427	-0.747471894887498	0.367588438547534	-1.98521866843045	-1.07446292432179	-0.825369723157593	1.04581862407793	2.70682407320992
1	-0.950704299324117	1.0278701111273	1.71388302890505	-2.1793645517422	1.24475813121228	-0.00769679188421519	-0.0809943483222413	-0.711727534065875	1.49526422703921	0.396694884630232
1	-0.468383940910332	2.10478370170048	0.00216609222949674	0.1435184602033	0.55239571222533	-1.11874130218024	-0.838036370024702	1.20944975437176	0.547030842493505	-0.260012397199907
1	0.433710177653766	1.58266521656346	0.000624334467103105	-0.245990575809349	-0.369735634107951	0.898084807809312	0.843366347695046	-0.797742059458362	0.741574140238689	-1.63906609299294
1	-0.280459185373973	2.07220302309795	3.24768352686228	-0.243357514740749	-0.112217758215169	-0.0879854658456161	-0.86329275257714	0.176091573155382	0.895972744620699	-1.46135296935824
1	-1.36617288825923	1.33347750693132	0.0143738751604027	0.136808690075955	0.955071603944402	-0.539114682206392	0.907883090325103	-2.09861266728389	1.65557922014387	0.213287724114885
1	-0.851298333882982	2.16383640788093	2.36892803485516	-0.493865752116155	-0.374635597738107	-0.442678074417234	1.07783517414987	1.233570795651	0.837201704965954	1.45528209966615
0	0.441388983369853	0.770177142728133	0.0463830633336519	0.707407448195875	0.0911899744364862	0.502871335902902	-0.818078485216223	-0.878456111961862	0.926762038947869	-0.225378158369839
0	0.0192850677473652	1.41842026383436	0.763681727897408	-1.67193792509672	-2.21578482534683	-1.28080774793623	0.172403196396585	0.16272941700118	0.571464999923367	-0.237364886270415
0	1.20187817514997	0.73418945617608	0.65274984477367	0.196820708768377	1.8144605977351	0.545328911337671	-1.63157928944588	0.183404545392614	1.1229966226855	-0.876811692633505
1	-0.413205952352874	0.263219801713984	0.278171349894929	1.36187462223603	-0.315635060554271	1.23219404037947	-1.48911080338481	1.31830873876074	1.24478288788094	1.56315432547379
1	-0.586074573462703	5.04817502158969e-05	2.50537320442829	-1.0598234734843	1.61744163131262	0.328003697898159	0.141248407592353	0.581066009096092	0.896584832214454	1.26598455308248
0	-1.18919046953241	0.135871063375815	0.0912366798517654	0.674832053258533	-1.66005467225673	0.127453920522148	-1.06858461377879	0.899900290663688	2.0972592049581	-1.24196058323473
0	-0.459822944751632	0.373322983911102	0.00494165296972301	0.615490452112077	0.25655288337691	-0.585908233878745	-1.40263893283483	-0.196592213954046	1.75390307952886	1.94622160824685
0	-1.21206437407964	0.386660020739049	0.393260714568391	-0.448312420403368	-0.86229942475986	1.45920137177433	0.0890880675404095	0.115608122433079	0.513206712906702	-0.588548371111533
1	-0.947522996937891	4.19812119609405	0.476889384546713	0.589025515759552	-0.00458135559083973	2.00362431191461	2.13613730808536	-1.09438681497135	0.857657053968901	0.631496415954874
0	1.13106149016344	0.269940807041897	1.43311483079873	0.924074866602317	-0.466524537254891	-0.0578239903481964	-0.498641774320133	-0.50127865657971	1.49472052121007	-0.714993510429575
1	-0.721147586796963	0.131951428229413	0.901504713914624	-0.623418674103598	0.978531244040014	-0.253842852659766	1.38817228935731	0.524037809750554	1.67903378533024	1.42191890114961
0	0.583398210472071	3.05951975856946	0.442647162603024	-0.236513580283413	-1.56389362801601	0.608674339913359	-1.8340125205744	1.58633072018373	1.01884037681959	0.114867247254183
0	-1.07474934790397	0.259457356098008	0.00732244531191823	1.9644067497029	0.116318661894912	1.27741002910711	0.448702290070476	-1.7105510415683	0.947195781504174	-1.40519520224314
1	-1.15703141145719	0.163657276871063	0.777185737115906	-0.647575202712536	0.543591719422709	1.25730983490919	-1.11559926442411	-0.963999513793383	0.515227095887478	0.0752996791658863
0	-0.350624461549013	1.64173749815479	0.133454865061533	-2.07219587810535	1.27791667643553	1.19423731130996	-0.364819041017983	0.98734303884852	0.745050954707437	0.305038423734759
0	0.375093159933684	0.0177718623213815	0.289325568743128	0.650274350327819	-0.634202234062463	-0.602513672423178	0.836181468995011	-0.222967254871069	0.416594139477374	0.264847632651856
1	-0.0146458993662807	0.603554937311319	2.61877961061906	0.491039112464892	0.760998731040523	-0.0622441269646049	-2.03678721103595	-0.0618941001087814	0.822142330014179	-1.01893806044685
1	1.0142107525196	0.107190764177125	1.5495349201512	-1.89607200198486	-0.72394362039278	-0.645678529273934	-0.442759983477306	-0.0970231687874183	0.714960303885059	0.797455423194895
1	-0.796983040940768	1.33686986441673	1.92208224053937	-1.87725480279195	1.12580363548163	-1.64772089651891	-0.728973161608656	-0.0686419840228119	0.843103871321458	-0.435011366030364
0	-0.445930183683008	1.36064421728222	0.333887897020509	-1.56608697229517	0.66127140063858	0.612889769915336	-0.726391002206853	0.287386273123462	1.17138614427563	0.654583804497452
1	-1.23560928955844	1.75827868559984	0.79460949483126	-1.40595579848152	-0.324178987083236	-0.533880350801993	1.2781708769608	-0.308251727909611	1.08036613152446	-1.27305547902114
1	-0.321977151445763	2.05054311220155	3.32146778482368	-0.412899668791797	-1.80399818295115	-0.67174900640546	-0.33286666374199	-0.0329149391530158	0.67305726769228	0.465590235635349
1	3.77460871400161	0.174213766353445	3.13568856823345	-1.04214903014743	-0.43524691107907	0.627336764153461	0.687506528978638	0.386139211146128	0.809812257753326	0.992664281854658
1	1.48687985233738	2.30119406046689	0.210738494114444	0.636911570155234	-0.394594037646391	-0.902010498969683	1.10518008750666	-0.0230618560546787	0.669668526561992	0.567880366710395
1	0.314307728164516	0.604232985968988	5.28766157253906	0.85039689332725	-0.273960748180063	-0.353716435007371	-1.01347827818029	-0.0854052793928535	1.60465757283916	-0.821723794835486
1	-0.982142894423535	0.00322876333485439	0.00255549304427637	0.984783452550184	-0.318283293947396	0.0380403141887412	0.147136006349665	-1.62780759142909	1.65876410658584	0.381020514418653
1	-0.323233945019071	0.293489780163737	0.937804021286954	-0.297552165550156	2.25630570089363	-1.23572165199894	-1.08013371730341	0.468345750206837	0.939249817079418	-0.859838596706466
1	0.00598861540923603	0.198455549320382	1.24578583562995	1.01294353852836	-0.549759106965097	-1.82647169641981	-0.390305968362267	-1.29443305301771	0.414695093301404	0.218768347174443
1	0.615447457179036	4.11868228058235	0.029552333958437	0.0658168360067685	-0.504029815090192	0.708470083933297	0.721525585872354	0.145626008140026	1.3622055537388	0.379405064321712
0	0.15989531379523	0.00430417764401731	2.85905309649609	1.00152784565217	-0.791132306345046	1.15436667600887	-1.54004966335372	0.755238644000886	0.868964981421154	-1.44546044572305
0	-0.250987730104045	0.602648408423601	0.0665089283314522	0.27976820107654	0.272848263644452	0.868441435978172	1.06834701662383	1.78733769372649	0.963597038701959	-0.0656813286213018
1	1.67481045867243	0.5666308590906	1.02794871614308	0.591605348139925	0.49910604508781	-0.128232850170224	-1.34902326288731	1.72885394419404	0.648685972265581	1.73582025537914
1	-0.815129904642784	0.147935012691313	0.546783974368034	0.732604836278786	-0.509196780086161	0.749952695387187	0.947661564025246	-0.346860271495797	0.626157858171952	-0.559737794407077
1	0.325461271288818	0.0447996938672595	0.478030231466761	1.09979275621079	0.223663990697739	0.193014874201111	0.453052745840174	0.674814254701777	1.2221298887749	0.716926561684431
0	-0.395380216454025	1.29457031802909	0.671926424730298	-0.530658681452434	1.70490992281625	-0.359037116988323	-2.42985651638641	0.714992046802783	1.38463302607356	-0.319154984045376
0	0.101773381042069	0.904530228107085	0.00185470587049379	1.18588764123097	0.662165746399863	-0.103438204150429	-0.283397194764487	-1.47871335184868	0.453861206387235	0.673050830505705
1	-0.573802627620599	0.743565545352791	0.776861846039779	-0.599778108205097	1.06946188112253	-1.62209610535366	0.179897201267486	0.799983240616071	1.44357590569651	1.1777618818611
1	-0.298935718549608	0.288698639653477	1.36250316450223	-0.372474902419496	0.38988436658765	-0.0152921253291199	-0.940373359954273	-0.554775426400538	1.52628228821432	-0.406269147360695
1	-0.106963676188813	5.31399670433114	0.155587643713643	1.55032330986229	-1.29245935732256	-0.420841427488946	-0.286043833234494	-0.382925005427917	1.93149215970053	0.193389069751694
1	0.276841816938644	0.660112513705929	0.430914096082025	-0.0163032689633921	-1.06994805378585	-0.730857861200383	1.20382863303714	-0.547664296759486	0.372073574547817	0.332574596562514
1	-0.414412642189155	0.279735250391967	0.00413574443837477	-0.814550024183408	-0.344559903296214	0.803350456965096	0.956655093964339	1.89062633921038	1.9354085860812	-0.2156690286688
1	0.445439149110563	3.8665256821543	0.403745902817942	0.126546628422749	0.963249078320847	0.923977079624001	-0.519003692869581	0.355472881837094	1.21726439968918	-0.564706006693521
1	-0.265776718024335	0.183248220096517	0.635862659502962	0.549235298540907	-0.0349215987627107	0.726221913622706	0.417915072962642	0.322502647600885	0.924189319389404	0.450115285915478
1	-0.529610693844179	0.135301332679658	2.36412177790595	-0.756243648471912	-1.10930090323984	0.0732216767380047	-0.418718412899003	1.31567367165272	0.609433082187124	2.07285883406496
1	0.100804373483194	0.144957149309858	0.175817821112916	1.47841326280879	-0.317783872150567	0.512568739240981	2.0012052859026	0.0624946837856473	1.62653759707521	0.228445035323189
1	1.22650606127053	0.281320895312474	1.48625904561504	-0.817950290479873	0.641942362423748	-0.683419535509679	1.61802672022843	-0.918497807177919	1.99097695375779	-2.20647000155074
0	-0.126220718141244	0.364839361931621	0.0212948811677868	1.96717292205322	-0.164072612110276	-1.18619986589282	0.367945539512334	1.05191262295692	1.50133247713706	-1.01991379029029
0	1.45400720157048	0.580023328413282	0.178202580681195	1.10011195121438	-0.317728899987113	-0.624973942897168	-0.749395360159808	-0.276857478926578	1.10476617541215	-1.56379113814478
0	0.368235886643714	0.0918317974239275	0.0028977495123031	-2.14842046984146	2.0465873871388	0.546759709889966	-0.410845169110479	2.03406434026639	1.09006486679004	1.06743031165941
1	-0.973185499210044	0.578141437768112	1.85143943337078	0.138347000797378	-0.502360117149343	1.0752856876636	1.23290453095746	-0.0880387585447268	1.01210291317571	0.534663163169202
1	-0.708518439640804	0.0117464380153916	0.316361832619021	0.0315103290407004	0.628963213594045	2.10055378546127	-1.63945505962349	-1.74865650205963	1.69044111938143	0.742113242478985
0	0.144199916831565	1.69859257159243	0.291665590372054	1.13406695867966	-0.473439934765342	-1.86285446289722	0.713833921912488	0.935639027875072	1.53345726662713	-1.34393560362934
1	2.96384858826049	1.69291998009228	0.760205590837336	-0.595478200941964	-1.34772843793798	0.597235122989537	1.39107342278175	1.09534872504162	0.752511828565823	-0.342380557707281
1	-0.820360163500796	1.09396117150811	0.0253776692695671	0.175252711689067	-0.00860019233581565	-2.11689425678992	-0.298490911165416	0.315677992532696	1.14249310019816	0.988716589594982
0	-0.510933638391248	0.103553267618572	0.592961873614683	0.313448686037585	1.726835056963	0.744474912145618	-1.22170171334589	1.36683090026351	0.423247414795382	-0.834946752704252
1	0.374456394329066	0.0101731755425958	1.11286510171892	0.384058898563656	0.937187975422027	-0.0723738887032015	0.297422103039385	-1.25132833941512	0.709993589708633	1.31765266638773
1	1.51676202516724	0.748515486581463	1.86183404849367	1.32495149661619	0.573090251944695	-1.12231657195115	-1.03147973340167	-0.32688157562214	1.18368685030531	-0.539149144146294
0	-1.99129315327211	3.17684504984749	1.34817196379398	-0.403974837540413	-0.534831741054257	-0.339378684255356	-0.806402142902381	0.40500572889884	2.81584019383286	-0.842703312140624
0	-0.400667944472074	0.0304345275108922	0.000756208878436574	0.488411848823588	-1.02788885891486	-0.445106690162117	-1.73350214481455	0.589557478276519	0.941482361631217	1.61653958127831
0	-0.376052491277955	0.0288521807228085	0.0290985326883498	-2.11129490464598	0.40529749717597	1.29173168410076	-0.55360174939942	0.666833780523013	1.37715761943515	0.897846611055198
1	0.753181426036455	0.765782676565264	0.0216632175066918	0.211288116367232	0.0530395319425786	-1.15722199439796	-0.0591834859561348	-0.842492380407854	0.616559380726515	-0.372921127098767
1	1.24942903325104	4.42286226713784	0.0379230708150245	-0.692202843190883	-1.88013092008346	0.313931157628344	0.577065300849244	0.753591899512456	2.65586842048827	0.684659903245003
1	-0.225599987558104	0.677012386883271	0.000204676684955021	0.154556402764095	0.105611132068242	0.23842970429644	0.585406628848096	0.515071393644702	0.960249869223242	-0.0115306511146386
1	-0.344077564473187	0.0781763364456968	0.651121917391806	-1.15404028433877	-1.69746254183741	-0.96149616184447	-0.312438819827083	-0.237431467044706	0.607277114815845	-0.696808719243769
0	-1.05888918540279	0.848019401929967	0.116443169804956	1.74205548931723	-0.37638420940732	0.874809045373227	1.76066988279265	-0.659296131628012	1.97417859899628	-1.71783412225284
1	-1.70281686605354	0.472855749412659	0.0909462358203953	-0.6399072309692	0.167942228491616	-1.88966941552948	0.523594542234402	-1.29355011965585	0.329605474330853	0.439300450969608
1	0.528268445665976	0.297513839393898	2.48444836438046	2.07978814048248	-1.04840857949541	1.23405244048337	-0.968675985426658	0.31633517413777	1.40371474399479	0.0865286424325182
1	-0.650366597766532	0.673811819054671	0.453734311520442	-0.102376978442684	1.7237391566721	-0.917533723391553	-0.921722309468005	0.786220883497866	0.838235267387534	0.035378225041541
1	2.20009931758787	0.948979867024125	0.0981863258352893	-1.09012863391835	0.881775275766136	-1.51899366757023	1.24146404736612	-0.783917728495102	1.17108504043345	0.409120013749969
0	-0.313262872433612	0.0344537736202904	0.00782662054699228	0.761187544359216	-1.43817143070978	-0.305223508698464	-1.12362527221434	-0.372768532182232	1.83028364046119	-0.317427004258228
1	-1.27840373834327	1.75378806411485	2.04525660703438	-1.37901969503175	-0.047895818138112	-0.682831992779871	-0.71631663944415	-0.321666419014774	1.97832738451722	0.723556224525496
1	-1.05592485185826	9.71665769781957	0.000401328411861013	0.301696718247284	-0.113244127095899	0.00897182110807895	2.63149458750005	-0.992098296740941	0.835067364620929	0.206030400109012
0	-0.253495692252514	0.0238927317045155	1.23203057912476	0.235932673670981	0.419956682303798	-2.16338639867519	0.419458458036303	-0.255284414991688	0.55774633901036	-0.731006968749238
0	-1.26902987914218	0.00414732538816729	0.0532662960494664	0.19598972106655	-0.773620784055042	-0.975681863968495	0.23858068050833	-0.430774733566608	0.970468052734154	-0.979774612687456
1	0.222849636839797	0.126570391977807	0.559778097244599	1.40144350838232	-0.183104917870032	-1.10424985513624	-0.522480458869519	0.694181504681	1.04518986603584	0.906448633773066
0	-0.142006508562172	0.351185206576726	2.01286222798862	-1.20437566116647	-2.32334921350653	0.330695128228327	-0.277669536332316	1.22488004427089	1.6945276529462	-0.414174233083667
0	0.496245500709774	0.461948328229961	0.0141032698357578	-1.15593428464038	-1.87820885502329	-0.684356771826546	-0.376934162640263	-0.85529484748207	1.21532577194272	0.631428368736726
1	-1.19625576945205	0.078988060890596	0.0740759750384565	0.245218837568992	-2.0783803167614	-0.242191357833561	-1.37728344564876	0.0262762480700528	2.05359675662512	0.821215878805872
1	-0.311412487719987	1.81383618443544	2.10510341241907	-1.48225771911704	-1.29488838372643	0.177350506556927	1.23969354359586	-0.173353035358173	0.677590415777172	-1.18701163752802
0	-0.556469390212969	0.407851684119334	0.362070422650926	-2.30489041872469	0.41075226537957	-1.56029321552278	-0.147049079260989	-0.106836103078661	1.14795541809221	-1.40706937344897
0	0.457360591245035	0.0764894574147168	1.29540815053517	0.629287311356622	-1.09690855577042	0.796317251804708	1.57048059488148	0.153621220137491	1.68346278714077	0.755078015127289
1	0.360735520181399	1.4270417342334	0.750584511861203	0.424512912885993	-0.98729357152349	-0.513816112764918	-0.619907607278998	-1.60118592159291	0.900279753673219	0.572351597172288
1	0.403317222508173	0.359686640164601	0.393905133877645	0.807644387780474	-0.818174294267614	-1.34152756034028	-0.686938940632556	0.766296376731637	0.667333832465909	-0.623865963757665
0	0.0273293066529847	1.27628715893823	0.102512100999955	-0.578074100248355	-1.23846336892305	-0.63078801516452	-0.200204894905877	-0.0588025508066199	0.897806065914359	-1.12073129350082
1	1.01867025135613	0.0687582079748939	1.61657216338846	0.305645422171354	-0.581344353412338	0.619573904297506	0.994375788412232	0.544149631030543	1.28241754838172	1.43291261166104
0	-0.0303585207764485	4.29998360410195	0.68434089737926	-0.935911645805066	-2.35117384965756	2.62666960101276	1.29417573532453	1.20764859941922	0.29814784109919	1.30979111789172
0	-0.224419596710695	1.04009250173595	0.239160592811482	0.207248362774131	0.297028640435693	1.39471302789054	0.565984261882924	-1.35000440356822	1.54414054293463	-0.895284271678314
0	1.48622638992031	0.10324083177643	0.0142685547982093	-0.978356260500647	-1.6229278010467	-0.173829104978534	-2.17255287103165	-0.821238489929094	0.84933286659005	-0.10950742651638
1	0.917373118739734	0.280438136867426	1.28831349717214	-0.0956038669120727	-1.15262062072811	-1.29303022554574	0.000336925413823677	0.322483574812038	0.768705251077686	1.98880433717781
1	0.633904289535458	2.38680911279283	0.0968383747555787	1.07242375057666	0.911010284744174	0.981262198276823	0.692281283221059	-0.630293956725517	1.04533223140476	1.03553539869606
1	-0.426039959410927	0.00847211510948778	0.0401032526971272	1.76883041708532	0.291696435853502	1.11565849091171	0.517892925517205	0.941197334512655	0.415404227623179	0.127497544381793
1	0.357423802737372	5.40426962741345	0.533297902348385	1.29359679911508	-0.523512066368581	-0.681437318660324	0.062883031457138	0.165542220949098	1.68501108429828	0.31665200649099
1	-1.63716243784765	1.46359181432282	0.889765743182792	-1.10040474528282	-0.663539147829093	-0.640586807372421	-0.965215405769073	-1.04061304312022	1.66413982081606	0.239685335750105
0	-0.527524808998564	5.38879812807098	0.0300909440103793	1.69914038204659	-2.77494591392577	-0.630561416338939	2.35590992600766	0.725617022514285	0.947188522714086	0.43988988153064
1	-0.822023370977711	0.0707751096444601	1.36104650684141	0.492285840817488	-1.04350810807873	1.33591280584783	-1.55320890401445	0.759836241794299	1.07366965444518	1.24119477489835
1	0.402201992399922	0.444280666708939	0.158637242107786	0.901642208789535	1.77001253589854	1.26258074463295	-0.226782304618813	0.260282799998156	0.504260319210767	0.0231339203951109
0	-1.07694988380955	1.00946331916582	1.36055756933354	-2.02597820592263	-0.0416073141879943	2.6510580477871	-0.00108854985931375	0.123781527461021	2.15419304577377	-1.37861073805571
1	1.28186851565662	0.232422377067021	0.000292944092158134	1.38798724463512	-0.352945037361385	-0.948413093974751	-0.205502499327663	-1.02489174295299	1.53079009587528	0.044901864109191
1	-0.539359869712268	0.312394612764637	0.0209967781668048	-1.58513646299433	-0.242957118107828	-2.58366229099391	0.873563697989827	-0.366883572293831	1.25464342461486	0.101490178215985
1	-0.694349221716698	0.0585687968422621	0.0109824199097724	-0.0156932524336865	-0.696849509798909	-0.786448946246515	-0.167448530353264	1.87619199456419	0.796595453989509	2.34511401834837
1	-0.629934825526116	0.231699975028746	2.69911848264311	-0.543817844566036	-0.27828333569877	0.0465703631520609	-0.670605846456976	-1.41372266983808	1.01960903875583	0.0190785781943214
1	-1.06222152141093	0.0137094349943103	0.378395866815615	1.47361135682574	1.4533209646045	1.32288574358245	1.02662173185632	-0.953372083330907	0.724295730853816	0.390086337207901
1	-0.840929160652322	0.399220584537815	0.206739697924476	-1.91375568304183	-0.106743773573918	3.44425017069877	1.97426756805116	-0.0759480542660056	2.90960866105351	-1.67494896370842
1	0.569276522828891	0.994552380605713	4.53328751392263	-0.701761983717417	-0.32347322355325	-1.30272291456449	-1.62584018157009	-0.0185909562090183	1.04798969803759	-0.66426308445854
1	-0.673585090842577	0.965299843066575	1.02721749775854	0.467993720320616	1.05353980394994	-1.0344216535229	1.28204821293931	0.853248907655812	1.20933643697277	0.383263481149335
0	1.60905533954023	0.65206031695809	2.0512492854722	0.537675776665117	-0.750610437174704	1.08369452538796	1.30246640758355	-0.418643150374538	1.49925789160629	-0.688177904675229
1	-2.52735716702706	0.0669043030783071	0.0751556921957199	0.569940264925203	1.41906554395515	-1.08612381062672	0.355459303177387	-0.994875951011449	1.5890090493932	0.209341766098254
0	-0.00964510095046255	0.210801942039367	1.70137437576525	0.934076668466702	-1.74137848692252	0.326252780780006	-2.13111951124448	-1.81673051866205	0.510026395874852	0.882118095856963
1	0.981746206733133	1.09998950659644	0.561454525682857	1.8247139282939	-0.65172904972574	-1.05403621149203	0.110195231269906	1.0638650527601	0.484418801816205	-0.580288493584484
1	-0.677058934534265	1.43529882724932	0.0634316935015001	1.67834274838565	0.424720933812879	0.574226611443041	-1.40021844941947	-0.484767498312964	1.16262114936099	2.10552557372536
0	1.70516075185745	0.0107122296535172	0.179053517966165	0.37151852797701	-0.300917662946676	0.556164027385837	0.659581952875946	0.462331068542101	1.27695973495051	-2.7452094969854
0	0.265502839553314	0.951590173701962	0.2390245821873	-0.490865350410178	-0.639473255417523	-0.149063990069162	1.13663873432458	0.261087895707991	2.10455869069652	1.65622975004028
1	-0.0528886908527938	0.241615430422841	0.00460049226027391	-1.01497224260575	1.4356126819036	-1.99438224137427	1.88305397523562	-0.0180142871373522	0.766426154591882	-0.238213984959947
1	-0.614085377621111	0.00303754594803109	0.81059210077813	-0.906862650504622	1.19133974585956	-0.146350484816151	-0.873364687084268	-0.13507246359423	1.05831484375464	0.603457205627114
0	1.89125443122838	0.283051339534625	2.25228852788127	-0.350050397221826	-0.132486948013366	-0.249179778670127	0.997926732816453	-0.694719410619729	0.475697596848911	0.369067262063802
1	-0.419270321311161	0.60015204579936	0.894257483348035	-1.55635031866164	-0.544862183087163	-0.157141989026932	0.683599622335416	-0.222145293849202	2.60631467100422	0.92977147507145
1	-1.76647228363851	1.53843937816746	0.124106551603465	0.0673861472796253	0.740418647516842	2.00785709675874	0.947665393144861	2.19175255886476	0.774524487390603	0.311132003734764
1	0.466142358204104	1.950408747731	0.00207282488299833	-0.251054880244677	0.147172632177367	-2.16720094230659	0.426028583320711	-1.97706177054728	0.48757752065563	1.9743428673015
1	-0.589205596061142	1.03921011385074	1.65598772110533	-1.66613122404415	-1.06320462340596	-0.564635231577508	-0.645886239641889	-0.711766234088241	0.950911066316927	-1.52612458946761
1	-0.71883546933564	0.0398310843757338	2.64429824917074e-05	0.596309957608382	-0.680483246008547	-2.22988797346761	1.14121192884868	-1.53488983836568	1.21655680146398	1.10760802156058
1	-0.280976752718074	0.438274296148142	0.181207244127074	0.341773008646022	-0.210271286745455	2.37237854716216	-1.89030284242521	2.04239134714245	3.55555782656618	-0.64599550121134
1	-0.135166713484356	2.25625528330706	0.565633095553527	1.32785540130843	-0.616279085713441	-0.688798254794566	-0.355517638715287	-1.37303981545446	0.712517159747536	-0.298745886709301
1	-1.47531055084451	0.265809108321945	0.179598650694358	0.566178058414781	-0.552941714482627	-0.300764430497172	-0.338612121344043	0.316742398577859	1.11242333970412	1.93391593501814
1	0.537651192584643	0.986722929307991	0.0556628403819782	-0.239351235952917	0.910198055985298	0.214190323548519	1.07405843518981	-1.11386321178361	0.531717921656215	1.66797162926473
1	-0.712126013847496	0.308709884297078	0.0176878796112188	-0.800906538961727	0.28597175994173	-1.1710263729733	-0.352985002255845	-0.462180786448699	2.20890790256065	1.21694046335823
0	0.225698291857641	0.203193997541107	0.926724044114659	-1.02726543532579	-0.439660945526769	-1.19037558633027	-1.0949462815063	0.206945324522341	1.22138399787026	0.75574289748092
1	1.39703129549951	2.52425140265552	5.51175044427129	1.50240441419427	-0.271501574225113	-0.212569623087673	0.105553485405287	-0.0774214523073497	1.22069272755654	0.935208267690579
1	-1.64503555953423	0.73308913720242	0.128192587886185	-2.03015244262455	1.27494992992195	-1.61612052242718	-1.03653323432961	0.706462173665834	1.63278750371215	1.25830844645401
1	1.9749900572026	1.98782779640053	0.946436865416222	-1.50914869301062	1.14516016681992	0.329984218371148	-0.499949058865409	-2.26555952834337	3.04143272071782	-2.55984138692561
1	-2.21461279050767	0.139279152512714	0.000332515501532361	-1.52965242673597	0.472696006522136	1.51803036046369	1.41188065224524	-0.952563057219352	0.536807118315347	0.845083408569408
0	-0.389646503068283	0.345720246279323	0.235473150287065	0.980697146076833	-0.0577093162427457	0.589721204065328	-1.48591293783794	0.100731592402383	1.43031570988107	1.11538291040271
1	0.621562333565627	1.26166458393916	0.270056896017659	-0.599958149940016	-1.2631139572073	0.159844701830653	-0.110169071156647	-1.40330441002769	1.22561797791128	-0.677229409762911
1	0.325617663903204	0.00650264427065018	11.9185639138986	0.504465753237983	-0.706507561808505	1.68050593169213	1.05705389322216	0.692919124797154	1.36358479142577	1.17768022007593
1	0.916052409073632	0.359120788569163	0.678037756096845	1.43309214028286	-0.0164390689388444	-0.278957897503485	0.78063500334424	-1.45406195684251	1.67523264655353	0.512493935192418
1	-0.0523017204348074	1.4859820185539	0.103672653936062	-0.0624737919494857	-2.06964950650188	1.0770358580026	-1.44666129382248	0.233181233546273	1.62771720805112	0.837483902734647
1	1.60155872427478	0.921874006331106	0.64908804506422	0.420336890169926	-0.0116151412161013	-0.252909885959847	1.15267693065726	0.369888214582508	1.50744324551441	0.613596148972755
1	0.258805180863615	0.10970284205565	0.119506332734476	0.356694797317691	-0.0825079872080381	-0.225551431239757	0.569641196778452	-0.358394581698142	0.427993078030578	-0.764660336224382
0	0.346610901213254	0.501799915559773	0.183924685875066	-0.605003418750231	-0.304986590738555	0.739959071209508	1.384228116735	-0.453062217562543	1.97055290040961	-0.289498622968878
0	-0.471987705816456	0.52376854837488	0.558018447294651	-1.00713720444542	0.645417603961793	-1.40614751544944	0.528222284617446	1.40545163643201	0.81619811109901	-1.17014838446142
1	-2.04619546185189	0.101625147557932	0.00153184707564336	-0.980330466498515	-0.571211708691188	-0.271800327661945	0.259050272055813	-1.33658239987603	0.672940476434088	0.291370156462251
1	1.25772551074985	0.0190579763864143	0.0323805672436852	1.52966408618156	0.777027646115097	-0.264226780846705	-0.184804355779038	1.44162048191577	0.633832836379894	0.213087128305396
0	-0.741504166144644	0.515396169824388	0.667680108539894	-1.28386451354741	-1.17215389404228	-1.52008025800478	-0.154864880105941	0.674727570619055	1.87957416715697	0.492134323218602
1	0.62602318654191	0.555086581085289	7.4131942514221	0.123428210320206	-0.737546262453304	-2.43347570593524	0.241237248382074	1.98345104337747	3.97739065845545	-0.182506419133887
1	-1.55435787556469	0.571351489692904	3.21963128860149	1.17024293243861	1.14857899355139	-1.79026223092554	-1.15987930509553	0.865775055056899	1.54257792652035	0.0876874652514491
1	0.813750380880153	3.42759219605159	0.0935987418396983	-0.673139170752691	-0.122820103782339	-0.805383198694559	-1.8421386810978	-0.127768237761797	1.21185730504397	-1.49456344696575
1	2.22585095437388	1.93539249398341	1.21593219181136	-1.04264372912065	0.952365404159929	0.71189306463751	1.96823057138116	-0.252817516031626	1.13415873945454	-0.962328757103305
0	-0.648551870606738	0.108388179019952	0.0227188737022567	1.21813540757527	-0.898801259179262	-1.81708104202424	0.0604389279827721	-1.88163566338938	1.07977906015518	0.29073826647967
0	-1.40801456070555	2.13830028513023	0.878584124509078	0.294265429332384	0.953904143962134	-1.04227747244899	-0.392294465864926	0.991782027146802	1.38198908306245	-0.228001659932779
1	0.563373897368228	1.48656547611131	2.01938637078412	1.98939768788478	-0.24689993667598	1.79449472559107	1.37104538591519	1.00769729452489	0.821447797243645	-0.577342002400291
1	-0.816408053056642	1.22921366606862	0.0122734348139815	1.02721056210403	1.63834051849716	-0.843740699465162	-0.59886932001262	0.58835662776377	1.05369307322027	-0.377912891278046
0	0.303828674434334	0.750321974071775	2.091129307404	-0.133642983624111	-0.0562037511081991	0.0473130366166498	-0.288789648473924	0.682123072495254	0.909190489394072	0.0143643273348563
1	1.25249010284818	3.10592928536124	0.368932841407572	0.0113693752153717	-0.355744001138716	-1.12686605255046	-0.44932248542685	0.934395390570244	1.64865908414442	-0.453386189023032
1	1.31538163445793	0.306107943344404	0.449760180280057	1.23986844621575	0.700577776354377	0.505143271336322	-0.0563091822616619	0.781172671520128	1.30220251258972	-0.173720557206698
0	0.669408628467873	0.0797854907551519	0.0285253685806734	3.04324205597281	0.16655346016189	1.25404215707379	-0.593401128757402	0.595585338574422	1.41152422249297	-0.873479321144011
1	-0.271732286894455	0.0195705306886362	0.0786957154011994	-0.0518856553834258	-0.804122488831338	0.354026186423264	0.477750183187395	1.80651034713846	0.333201618039291	0.750235860781062
0	1.88645422989781	0.000364340233284733	0.0627083251607075	-0.0792018941380159	-0.682335718167695	0.346110038432992	1.03893249753304	-2.09882341962616	0.542946701444398	1.18370210630225
0	-0.517812117903587	0.922097966141535	1.79923087383829	1.65123255957053	-0.784495581684995	0.258954339780974	-0.670444301383891	-0.561107422407894	1.01344867152034	-0.742472176809386
1	-0.301995468029571	3.43773870144493	0.0372188035615045	0.126936470849723	0.981500509066435	0.0895474481464063	0.829168327110466	-1.33067921273617	0.611429451443027	0.0596028045088608
1	1.18965071728885	0.273408273103567	0.989996575851905	-0.0314824440714234	-0.449044988419914	0.0754349947843547	-2.14106033179984	0.189764798071382	1.00153543730527	-0.289545275907182
1	1.75063934642787	8.42948925591373e-05	1.29329129313058	1.27206813266937	-0.782786026987259	0.917634764349985	-0.692007655972754	-0.633521198021917	1.37573823528115	1.02296096537514
1	-0.181967055180367	1.95455725734209	0.00086530647238114	-0.28606729311437	0.249974873676219	0.0722695651198313	-0.0648359491052454	0.00599171136917766	1.25610873217965	-0.29457313961454
1	-1.42256903337182	0.0297177728904106	5.99077024748515	1.20357541368769	0.581586454348656	1.63635212925343	-1.63921988872113	0.104276723026383	0.799253122556876	0.125622583919378
1	-1.32151646133785	0.682843262653294	0.10933817783859	-0.0615862602310494	0.14996615747123	-1.22672463697177	0.409999925416469	-1.18260891940362	0.839489922944035	-0.953498692509081
0	-1.21068565828428	1.18802921721655e-05	0.0177552221162743	0.415404246609134	0.0123477541860792	-0.450768806535144	-0.0848248386919453	-1.00185994311998	1.11153918323936	0.0438589527491301
0	1.62551131486513	2.33602364807621	0.101383805977517	-0.349576775551298	-0.883023267366404	0.087289824617662	-0.706756242162276	-0.146391864421776	0.610896765967047	1.42400027695476
1	0.93930120816473	0.0688770751497553	0.0930670586741875	-1.69390121469095	1.42085675766073	-0.727857648889703	-0.168788600926824	0.357630720940514	0.388910020057716	1.21596273859101
0	0.547352146347696	0.0328391628379102	1.80885846081217	-0.639171104744091	0.650551613361301	-0.0731421268504366	0.79508149235019	0.739612814069871	0.844734433633066	-1.13418916707962
0	-0.281830359318197	1.67542861350712	0.0637453953031714	-1.91223394569732	-0.485364948248594	-0.132687575401739	-0.0772552217706219	-0.129394310415375	1.15605686227131	-0.869412065204666
0	0.471168520360571	0.630619408996999	0.0168208152713401	0.054267302361718	-1.14515702817052	2.27457285516764	0.725083693322137	0.503169544662557	1.86748994257567	-0.399065282879075
1	0.681242408025524	0.0732421232383093	0.147564644869062	1.13749532341431	0.471157575348766	-0.771634982346197	1.31874944969187	-0.25584493336603	0.77249891780455	-1.10739536017554
1	0.516605359914782	3.4535618595264	1.16542005012398	0.661900523739075	-0.0804776215356587	-1.2515878344246	0.977397516595869	0.124120980459933	0.98092005790754	-0.38327038834063
0	1.15544611035273	0.911855590231531	0.419193307124416	0.342015810655252	1.84196742320207	-1.12087977441992	0.449878670825491	0.138373753978891	1.07573879002139	-1.21351548061152
0	0.537667343019403	1.93872763243483	0.0907889625311366	-1.05187926265565	1.26657908227729	0.827355600234722	-2.18658808007048	0.281512821958326	1.10293626875704	1.91075869316652
1	-0.265335292820539	3.41768425931049	0.0275890597018126	-0.606580021500046	0.208516735145258	-0.544880338869345	-0.781355207152246	-0.00128646683172803	0.574763705287454	-0.587882429002612
1	0.517100707983517	0.00393887499255368	2.11934934416111	1.14002739666082	-0.526264841839621	-0.0539439576116609	-1.10315387724116	-0.893053668025942	1.44096379273841	-1.16777732792077
1	-1.29745352777508	1.13173368210337	0.705731625592832	-1.45865755988918	-1.31163761737648	-1.57022635515301	1.72576608493348	-0.463465356348883	0.716693448319837	-0.306149128635322
0	1.85476504115778	0.49827907911737	0.6459153049805	0.585383177641603	1.24632196615921	0.887193500526807	1.0769147387138	0.6411825418569	1.91292344525741	-1.60671638351423
1	1.25658030805995	4.03011165099956	0.0260663250979445	-0.286821351447967	0.226847049736158	1.37143814285529	-0.703697575873331	-0.935727968225346	1.59789192084634	-1.13381439053277
1	-0.711018373515903	0.729744582415693	1.02069014210076	0.939098712896147	0.3130294833677	-0.135021586068241	0.942698706808551	-0.192475721262277	0.901334964122693	0.575829106100835
1	-0.451490650508705	0.443297407647125	3.47480368304653	0.322362046297317	-0.433071784193387	0.787145101784815	-1.26277294036785	0.650307913777905	1.16850210598088	1.1067724149961
1	-1.24978151219113	0.14393413880693	2.04225533299003	0.154402567265205	-0.914585817690074	-0.386844298534916	-0.135616230722898	-0.0375194215039715	0.438255209829039	-0.387385759296322
1	0.449903630942113	6.25941448503104	0.000448888698828405	-0.798119886414989	0.782977983253013	-0.614851246478567	0.00555873207531404	-0.367156008977638	2.72192990027293	1.23151785469557
1	-1.53667653030745	0.635081994329844	2.38086941471366	-0.290196413537108	-0.0719513355519273	1.32963612949257	0.452422841795321	-0.303577607052641	0.504323927321113	0.0593508226737677
0	-0.701992379470979	0.0251649395565811	4.29956967694374	1.22863371083348	-0.632828934500456	0.245606580510062	2.07649863448212	-0.764496175565001	0.477498265287958	0.315044425856318
1	-0.531513235793884	0.0604729942375048	5.60790509978331	-0.625261214683032	-0.771323247630879	-0.0364373868159499	-0.955786202169549	0.568823352414878	1.6230143129654	1.81370500655069
1	-1.16416070135923	0.631186075570388	0.311724326717322	0.861286681491103	-0.0782499502050715	-0.138238305329097	0.343462917342143	1.11061839461972	1.66048259353396	0.146712159230585
0	-1.14691483277839	0.000693159342274778	1.36290257559097	-0.241061924443627	1.54353089550234	1.28381984631596	0.00498834499366647	1.45475498460756	0.846395566513146	-0.382939483101457
1	1.24252129045673	1.56673603924435	2.44531523091201	-0.10173213998713	-0.0664318792355991	-0.532726512685953	-0.814044203412053	-0.650741794827976	1.11400588019812	0.708179758964128
1	1.71685901671749	4.7045477950705	0.42583437958274	-0.321267767376905	1.01029155713752	1.09825274992621	0.997977693775567	-0.716817015181609	0.566088900297629	0.426946877740657
0	-0.369212312160317	0.0788248238463739	0.391432058134837	-1.62759320121462	0.212034629443165	1.97052099081024	-0.121227433955268	-0.378839379250421	0.672262115625214	-0.2284317382421
1	1.17612508427803	0.00197912559352823	0.951613226820856	1.66788679683381	-1.34594331431462	1.22016735857259	0.40547096709966	-1.37217536754528	0.73111218430866	0.0833770005536718
1	-1.03170136608273	0.223350854327555	0.071483602657827	0.286918049164251	-0.457959500210198	0.541782339095555	-0.226281378125858	-0.573120153393085	1.45051197632382	0.747779846469046
0	-0.0998324372042875	0.952304330547763	0.624578955086249	-0.231318189532794	-1.47641546300617	0.171941331442553	-0.371183852886239	0.743589820899733	1.06740801877114	0.243492756202057
1	-0.535481363673213	0.029753019171246	0.0779449964503868	2.05188708584752	0.639476008934271	1.59319989679534	-1.50199931963716	1.30542150542121	1.20461022454115	0.275132865563763
1	0.0429120426106422	0.858548249675784	0.000433102363920025	-0.688864499956154	-0.326332715132366	0.133964682527312	-0.203316024905004	-0.0711420942725215	1.22509358869766	1.62004135005997
0	0.153693744941904	0.280506384565482	2.54841558189288	0.669571713397066	1.13624242031732	-1.68510761596175	-0.480334953514233	0.14623402868406	0.558620158804981	0.330005179073667
0	0.641971662135507	0.607057243128857	0.498060564468163	0.933122408783571	-0.429070816869525	-1.2996953886579	0.570600975222577	0.102391412153845	1.48686352459939	0.90932512095819
1	0.920928754029324	0.102066288517108	0.0343596522827513	-0.683406292632636	-0.664794755867261	-1.05259336109053	-0.696196368380282	-1.17287260112323	1.39637027627268	-0.109407863159513
1	1.46128106451669	0.294695647856839	0.307771763305576	-0.609808480212019	0.517379139425384	-0.989309067456453	0.0861542564016733	1.13025554704491	1.07808613388193	-1.17395595935504
1	-0.700058882633637	0.611702782534742	0.439292050101177	0.276866387937697	1.04760333470805	-0.803872197709665	-1.24015483907467	0.693926314236547	0.87739405814826	-0.707895268138464
1	1.79643842997242	0.141770327026591	0.012262621579513	-0.466548271553713	0.892947707627358	0.199823800629773	-0.356019740279436	-1.46253755644277	1.38469006484157	1.68494392001711
0	1.49473434597655	1.72028922169939	0.815119961766555	0.662308877153801	-0.335507958272881	0.291266593428295	0.0294770825928096	1.28392872560753	0.738588924679654	0.174618343917757
1	1.97811628670646	0.0728325099753933	0.404299404397519	1.4650439658132	-0.891288434644228	-0.260450881494486	-0.320924709732826	-0.789449943733742	0.944009692565836	-0.143406326596881
1	-0.349849459517089	0.218290573172702	0.0417571977736668	0.0638664262232755	-0.190325004288366	-1.89507578512124	-0.238949493603645	-0.918692492997908	1.03541587736211	-0.840141767105127
0	-0.231363209724883	0.0983317773591399	0.635535277387818	-2.95747586789124	-0.508445804737035	-0.409702483203272	2.15015477050473	0.444538383587973	3.23394860895975	0.00237905452386723
1	0.6732839096237	0.0435720738342733	0.221729824171832	-0.748096999083871	-1.19782839305608	-0.431902310937189	0.58325154802741	-0.304607869246365	0.740422638258421	-0.487845722829882
1	1.11088184271831	0.791152140728244	0.031459574334504	-2.11222314831217	-0.418836146115268	-0.142660735647931	0.449902612737255	0.47860477852271	2.85673201498433	0.832099842667315
0	-0.307326929644631	1.07314742894862	0.156704840454985	1.05130473919456	-0.823076784794011	0.615450659024041	0.719830243924978	1.59103171557984	0.697741223966262	-0.941982616796417
0	-0.28583148982153	0.00157880447927135	0.170646051377281	0.663881119427503	0.43052418683194	0.72535275380768	1.37226946932311	-0.338310090386184	2.79059352838882	-0.68283886372975
1	0.609097447284756	0.853627010042961	1.81816848925106	0.19119152061733	1.57917167450574	-0.142414149559025	0.257657364586165	0.312110172779301	1.0740368242124	0.0993501419454209
1	-0.428534957639626	0.425573480103349	0.134715763615588	-1.08658011723023	0.330528755205843	0.143701944472171	1.51799448481375	1.16191469722087	1.6300935397318	0.325589978736019
1	-0.997491649869462	0.0370541395149908	2.60404035042469	1.25066947457057	-0.187287251855271	0.231699303817867	1.28992605373688	-0.442734590942506	0.867817350524583	0.769973731271112
1	0.429444214606621	0.0748498122522453	1.68132260010455	0.652234649211648	-0.458241461084219	-0.00357561186844246	-0.436414936873147	-2.63159326069855	0.882725661553145	-0.382811251324407
1	-0.137379818337515	1.20977802036611	0.0471844327575763	-1.01569201408563	0.300959163163868	-0.799110020555842	-0.353028415347558	-0.364685720994806	0.981623692926288	0.762764109423169
1	-0.307719721161506	0.429450973841988	0.310845452384544	-1.03688881586138	-1.91116573875843	0.273692654777932	0.0623548142506292	-0.337683115721937	0.963609462619536	1.15898793272764
1	-0.126275806882088	0.00578634162580864	4.43780287738206	0.623862166076722	-1.39105554337143	-1.5287607899191	-0.0405317586918171	0.540965203848207	0.770819073885975	2.41396800660889
1	1.51255732872117	0.000991940145588083	3.10520427472949	-1.1758800064597	2.05214836203062	-2.09928521327372	1.9248581920464	-1.06753746430674	1.28988868994378	-1.02426041706949
0	0.459100153737691	0.0015450196979452	0.0585528596114145	0.330096422545924	-1.08554245174135	0.351653611331351	0.995130836058657	0.469241428054496	0.538130761270736	-0.504187230604111
1	1.47065596432854	0.0178687650223066	0.155169115196634	-0.0739755363380397	0.428888674981516	1.11982811354602	1.56039535143895	0.0769920647423605	0.570414699543771	-0.762889269589677
0	0.189942433185734	1.72786367644403	0.0823607215781458	1.63856047516255	-0.626770201158876	-0.680548006374925	-2.42347150418162	0.378349524192113	2.63355759705142	0.414334980208173
1	-0.963949288229141	0.131925623517558	0.0190493656394204	-0.336098227153036	0.411494083542887	-0.498525779233938	1.20869773825447	0.0664844633507389	2.62113637172169	0.154904734175032
1	-0.524355126179601	0.000310260953585003	0.309647659627424	-1.4710690987746	-0.38077695943423	0.0959625776330728	-1.3482875026498	0.292304082894181	1.84541643782024	-0.31587293613051
0	-0.720219750583596	0.0203268714959956	2.89408773045994	-0.528857206823146	-0.697413409574028	0.143219906820407	0.0125008639591263	0.795343639935027	0.327926733080964	-1.03740622148443
1	-0.519732565481798	0.863779857816984	0.231892212943252	-1.44371074008443	-0.639501131046518	1.07181585121512	0.508996790270721	1.27109732703359	2.86322864226592	-2.54090931761642
1	-2.6069874041327	2.23265714687532	0.284341830676699	-1.19881240151696	-0.269898697390431	-1.42258439392994	0.288014929848026	0.491799430451682	0.395946272191667	0.646547476455249
0	-1.34828501042704	0.000269619383017436	1.34874219233961	-0.215595811874436	1.27913697428963	-0.15816916863634	-0.212924062051331	-1.56800380347257	2.38292931534057	-0.432395525781463
1	-1.22241378071472	0.303461723904226	0.0631120139424717	0.156418262218324	-0.678987302853922	0.762860235445756	-0.217975957386416	-0.66167585908435	0.83912727268365	0.814619100895566
1	-1.15187932917662	0.529957807229772	3.44968518978945	-0.829115441964905	0.0332056924295692	-0.277683627063904	-0.548576377552038	0.583131731943203	0.982762108802569	0.0222765954061659
0	1.01140916753451	1.88035445539982	0.400758479369283	0.242987488330052	-0.877142609507271	1.06154108622434	0.384039116233	1.26136523275752	0.755415981746501	0.114266944881698
1	-0.0428472856888033	0.936912794593427	1.71982908418268	0.958034869610784	0.281071018281936	0.0912128124156059	-0.586047267689781	-0.193102670935247	0.284782053628252	0.661453230022299
0	-1.41090492982163	0.867420054122537	0.951090697936327	-0.91389327445541	-0.507369111694285	0.952203552679772	1.23596516820384	0.263740556831403	1.15465737434406	-0.138530031204281
1	0.581269120174849	0.56277252696089	0.00368981888608897	-0.0647695768445991	-0.244168216712155	-2.43419803530262	0.570730465232432	0.534666531758559	0.615212360502561	0.260136649850324
1	0.527015607159447	0.867426012138741	0.000446605191360049	1.84182828151276	-0.79622079327207	-1.2061132848759	-0.242386028365326	-0.659380447154998	1.27611568162812	0.803919462207227
1	-0.317904631185987	0.309203632821401	0.238731856150874	-0.330423443451938	-0.727725108832085	-2.49796410528078	-1.37484895582016	-0.0515888409163374	0.844183371458615	-0.284861400308461
0	1.05090703458439	1.93815753063765	4.19332028928822	0.375725307420741	-2.52815905496151	2.22522959848396	0.862455237645265	-0.714241698375776	0.924064911895054	0.271103071845648
0	1.38459492636811	0.611677990615628	0.0377275908999193	-1.08089738407354	-0.760565866455859	-2.40625225089564	0.845479176349698	1.01062098742104	1.12915151156406	-0.155831281566637
0	-1.8298779017136	0.530182566827366	0.458136374130654	-0.456404860450574	0.327499859109811	-0.452188554930191	0.731962104403616	-1.31733856403872	2.15209848442232	-0.348133252779362
0	0.977139661186153	0.743376091045862	0.0376092975862723	-1.55141653862903	0.667906737158528	-1.18467053766299	-0.71145994735865	-0.774792436721403	0.859135195919221	-2.40230668272338
1	1.81602918930168	0.238106567580967	0.0566184002685779	-0.36195407479782	1.49524015724669	1.9149050113092	0.37093253622673	2.02674980630267	1.01164507073742	0.200230489118787
1	-0.88200849220276	0.194530479547718	0.189884951054876	0.148818080454912	0.519628058380015	0.2780116496814	-1.24241407616077	-1.24971338185654	0.394871199156633	0.480730812918403
1	-0.537076021222248	0.0214741184956534	1.35843372265965	-0.00652020318571542	0.0508752406750692	-0.239291780349344	-0.440185810042455	1.61516444588848	1.01068834240999	0.196419458477477
1	1.21653044888352	0.830252815982615	0.725885699946177	-1.34610375377386	-2.27035396997057	0.932583466431112	1.50871575439547	-0.369008497099944	0.269764902629322	-0.509856052263948
1	-1.34692922605483	1.32644180854938	7.3844612812917	-1.84882855367615	-0.962483766158204	1.67663743985055	-2.00838471948418	1.60962649309837	0.965047940947027	-0.25503861725159
1	-0.338615296697229	2.48384801103889	0.000560695430379979	-0.225733346850681	-0.168960489129243	-0.310379324270912	1.56670643014804	-0.405174159322436	1.43631374919794	0.260645694108867
1	-0.361976727800617	0.997510260619426	0.00323573798806564	0.235602550339335	-0.693057388101473	-0.402037486696457	0.831616917994318	1.04318307759408	1.12729907059592	0.214520963200865
1	0.0155971867147108	2.99543537282169	0.282838881505468	-0.0616582789689939	-1.52710149916647	0.830178727476851	-0.411506442964191	0.888976078101775	1.32680170115365	-0.561019603470259
1	0.446124763717584	0.0103359974313664	0.330919646410422	-1.58312050978617	0.036084141487356	1.93309023165654	-1.35266479653427	-0.868761872342638	0.674444743274157	-0.889298010478357
0	-1.19290179894602	0.0426973828762186	0.0148732219258082	1.62112003782359	0.170683768735016	2.70022658102489	-1.41789462202308	-0.411191321657567	0.248437701921886	0.341516082172396
1	-0.693129376050661	0.409260467533135	1.23507559097465	-1.83014703525717	-0.691440752515208	0.598210950239078	1.90399698130315	0.191074887116277	0.450471220615233	0.504687833603151
1	-1.32791010361059	0.037987335144778	2.41554826741011	-1.68835194804455	-0.563117350577225	-1.78944518968633	-0.984832496194851	0.778577936688061	0.895678231084735	-0.88424311997694
1	1.07861508308952	0.0446705942409652	1.11734546029542	2.29716248599345	-0.0160565084469843	1.84649248537372	1.02491542322015	0.512908096432535	0.827853543247972	0.0790888418811909
1	1.05894104483476	2.25156384352129	0.00233718926303826	-0.731100970186462	0.415838226416653	0.0653472350259554	-1.34014138624087	-1.11907439875206	1.48987813234774	-2.28665962820542
1	0.579225970196205	1.62814929629343	1.68571560776743	0.105176086309991	-0.794435265045714	0.353516823842881	0.676890281688739	-0.861917726959911	2.67549688135138	-1.37276963583009
1	-1.40227431824837	1.05062041784816	0.35348964325413	-0.288799297239597	-0.401667793879914	-0.184478843798422	0.369483722970746	-1.05602234800675	0.495922032796838	1.48710843172043
1	1.27412149084236	0.294150941066754	0.159590057171013	1.73714561088303	1.31672995141997	-1.80213401625968	-0.633937688987128	0.486818331779898	0.426503555852863	-0.074426508222291
1	-0.281268168817448	0.692820370499562	0.000510027837770741	0.732484355521953	0.160602036151472	-0.0332222565673658	-0.0155884088867364	-0.160330844998563	1.12550569853355	0.609428249746956
0	-0.201076559350343	0.0097089075823452	2.55410467263761	-1.49657882042606	-0.865643498400273	-0.147244607686317	1.6453113123639	-0.886253036614476	2.31378138832005	-0.757663651689473
1	-0.287547601419355	2.09663779629493	0.0492378404160999	-0.49877663909447	-0.318668543810489	-1.32269956234068	0.401110646627626	-1.53297724986147	1.70276941622908	0.862841645808181
0	0.430746436819224	0.00025750973670608	1.2155584433585	-0.955369304656803	0.279010755169328	0.181365270760806	0.647900113293524	-0.568575526539364	0.552841622884384	1.3127700900457
0	0.217207551163224	0.0210646704838262	1.0430772982699	-0.895272509679882	1.95129549606404	-0.403360820835285	-0.291740680327857	0.751999146240231	0.406362591474227	1.47770001127116
0	1.29236206481905	0.0981513411213315	0.120757018082689	0.89334381602219	0.980231866234264	-0.206074536375125	-2.15345067196038	0.026902540219902	1.98232947623095	0.298696686423247
1	0.710841052381914	0.991889036004959	0.174172894625063	-0.362067048090888	0.723148591432559	-1.76095748129395	0.252074198665936	-0.788936129902559	1.48420233290691	1.10766720459095
1	0.0493544194540884	0.219984321355991	1.72283451126754	-1.50180303030285	-0.169382683822799	1.37924995337283	0.577702837554759	-0.377010237256814	0.667798686318496	1.4867266486498
0	1.06951379120421	0.00649413779951851	0.614421259546538	-1.52601888250217	-0.0319160770486007	-0.332494772530397	0.56572684020529	2.05174648638436	1.79875889121559	-0.78170894098467
1	-0.104301798965625	1.10873108630592	1.30608253744407	0.26958532145464	-0.412039477659453	-0.619907570029634	-0.926875290257682	0.133122383732589	0.775545688692984	0.461116931943881
1	0.334062839267447	0.984562092335699	0.0147168749685333	-0.791381435706267	1.69312866907882	1.93219256517757	1.78691143987684	1.05135221379534	2.20391635192911	0.0694960749336473
0	-0.871966103489858	0.447253663344488	0.046496758439457	-0.0799226738991753	-0.143823331769279	0.359773315811827	-0.864363027927991	-0.879340319142881	1.56607013517434	1.61854488327356
0	-0.52125926259615	3.39052977558533	0.0713323155694472	0.139294980747554	0.121438858782726	0.0728755845942993	-1.16676373807268	0.121145658508872	0.610865488290103	-0.129553483453139
0	-0.337208994674946	3.22778765669789	0.884451795665578	-0.376740092173062	-1.04491854935293	0.577483692194237	0.472464508687766	1.44203711880658	1.04898895624954	-2.06450071337561
1	0.528298789323259	0.00485119570191754	0.213684279399334	-1.2087081805162	0.485492884281215	-0.353418019455589	-0.952568677547272	0.0327907088431475	1.36014794374169	0.456649545428923
0	0.432069192777995	3.61451252255427	0.0344488247012823	0.994621678528363	-0.328864616464476	-1.55294798412885	0.982229192995224	0.401219564073856	0.814245442130631	-2.28636735806462
1	1.21159242902696	2.20273654322689	1.51427550537464	-1.22873370467783	-0.911860889839285	0.450832268443075	-0.20424083094938	0.0512707070467526	0.400356073248152	1.12829206356359
1	-0.392991884938406	0.0054331196525429	0.556339878199065	1.35003084127866	0.764066181153865	-0.525644406865143	-0.338027925798688	-1.91851408444888	0.804003436020514	1.45513955052878
0	0.901879997521988	0.0139118302118387	0.795415892230383	-1.20388253276405	0.837949197824187	-1.06343468913604	0.235619439993275	0.685731254567127	1.53168033321084	0.157948517609307
1	-2.43230249620532	1.27954254023484	4.0758740050653	-0.733152632985872	0.538434069220587	-1.03305708073232	-0.800184177452784	2.3386660327494	0.78634045298256	0.53528004091864
1	-0.185326155253289	7.97153403220606	1.50741867622461	-0.423271924506993	0.834860278171519	0.513810779116233	0.0856153163963205	-0.514122889019552	1.13496860621448	0.178474183489281
1	-1.92037990533166	0.0041977260692349	0.370403429473816	-1.42538864019704	0.565272498269674	-1.29262869704557	-0.561627596031317	-1.6427462084693	0.661358900787228	-0.09235196593719
1	0.491505247756936	0.0187993919497953	0.00938165855090027	1.38825450488263	-0.0399076587695002	-0.186026074775636	0.375374240345401	-2.54292144295281	1.29228947714578	-0.72926363133566
1	-1.11934429654307	4.05194888963565	0.577306029200666	-0.389260041000259	0.0924083457518793	-0.0918689687698214	-0.0144149086030112	0.496250625452457	2.95707459364685	-0.41530782679972
0	-0.710390012774243	0.000678373884724694	0.572133262338749	1.44627091441679	-1.28547571343763	0.453954497555906	1.23783516974166	-0.132859191321815	1.49467695728209	-0.903967609930289
1	0.166055501964533	0.130137931517475	2.7078304830094	1.06542716714075	1.02795308806029	-1.04506098739271	0.267784901426654	-1.05784259966438	0.816093909449464	0.658103091947014
1	1.24756529633517	0.0771439346487679	0.120934882031235	0.839407620831399	1.21023649521121	0.00504131394562012	-0.365245477686953	-1.73844954537168	0.813656794110186	-0.0638189975384072
0	0.131139200573531	0.343050448514752	0.250786511715965	1.65066840601221	1.47311581388372	-0.36140941614623	0.667536228664322	0.430458176762869	1.51225369102111	1.41356174050729
0	0.751567067119458	0.200920107009972	1.07337627370905	-0.0345865378409093	-0.420579363713573	0.475819471333044	0.059560292443971	-0.895702763129681	1.04994393907345	0.31533030566996
0	1.11197255306926	0.0106338842519655	1.75326048019781	2.48018533563202	-0.664161044866674	1.10750811079478	1.09544367089334	0.298468631620869	0.329945927688733	1.19827785138588
1	-0.190169897624512	0.831940935961178	0.544089153519146	-0.684767634818643	1.63576809336934	-0.561244398527413	-0.173718799016135	-0.28352409845698	2.08931098908975	-1.16541287552962
0	1.14365944079582	0.641805343172065	0.706501152895015	-0.886087554385907	1.93645908141776	-0.973023915500903	0.682728661860316	1.21217516772965	1.71374826855892	-1.89932678292369
1	0.0496257377364327	0.128846995196338	1.22148674842661	0.128264117583107	-0.128494866431689	1.64770210358969	-0.746027572194632	0.0095644534970772	0.737230731584098	0.988537677927704
0	-1.29186776815002	3.71524677856621	0.617136402825537	1.11296120995934	-0.312586299502048	-2.21837473951655	0.0762257201436268	0.128203615236319	0.674970100237905	-0.542876929557517
0	0.457925170802174	0.107264669644312	0.0170357566019149	-0.625241823333739	0.711216549981977	0.59569366983211	0.151994258199918	1.85477138554853	1.5353517469983	-0.701586674232156
1	1.30960016228336	0.762085806617987	0.439871972451651	-2.0493308514492	0.0172641588192019	0.395224778920267	1.06003490784093	0.70563720130284	0.697070124079541	-0.378746780881229
1	1.53239601459908	2.7250362788488	0.320380087851312	-0.831687835097437	-1.26257986049753	0.110346707673077	0.938097410478219	0.271433826571625	1.35432313197928	-0.880099481880381
1	0.192510504521427	0.818594369197152	6.92843917612635	-0.450323285018812	1.77644160403111	-0.0572103394092614	0.575607457189651	-0.554042463607807	1.25868696200259	0.562360143072783
1	-0.410331594169701	0.247473372899097	0.0194491542725477	0.221068410051625	1.11770785744765	0.213574990359319	1.47943038496076	-1.27963883692776	1.12849211434675	0.910159269690288
1	0.811468367457988	0.12889377664615	0.72033329141286	-2.56472251062511	-0.279287344461135	0.7929075990465	-1.03010204910415	-0.60120347701198	0.320676723149628	0.27031670213226
1	-0.0832171180025813	0.571635260678113	2.16893743731336	1.98661041031534	-1.3506892313342	-0.758991643657331	0.742516983622694	-2.58255336558008	2.07237981022913	-0.673146774074663
1	0.0708120144220697	0.0740284560176932	0.0146167244429765	0.792917660818903	-0.340442702903618	-1.34330927034865	1.11527856900551	-1.0637328505023	0.424343168012077	-0.0853419351834241
1	0.453152306200892	0.0129744117655396	0.4259172579266	0.405659737460434	-1.46488248272901	-2.08067088698374	0.0855661549139973	1.77111739032639	0.552344517109113	1.85142965767622
1	-1.01971911803235	0.796546764538382	0.0758600088239051	0.441624842395312	-1.07388013161933	-1.41665273530254	-0.3835168473445	0.424074945516931	1.03055012533794	0.542424414604744
0	0.407438640257001	0.967190016074576	0.45912359270345	0.825473780457804	-0.854510593140252	-1.80835866459529	1.67598510893812	-0.100760629220811	0.810657569463172	0.166768845519861
1	-0.0929035371573324	2.15631219651997	2.67748338619617	0.849421217074034	-0.733944785835612	-0.285630717243998	-0.863284163765685	-0.593309099038346	1.59039375539965	-1.46759610046708
1	1.1391935738293	0.424400090006487	7.87163910310486	1.02090121842157	-0.609973293617346	-0.586887083158885	-0.387089841747929	-1.4773554749097	0.812099133839208	1.25187632223956
1	1.30181762404915	0.898687702282402	0.0370424452505422	-0.110632312437275	-0.812761390536542	0.552381322522666	-0.0613451477150461	-0.628482283720307	1.96181219881358	0.178676485050075
1	-0.331452811809825	3.689197293232	9.71721369504525	-0.092624047007297	-0.934572755023066	-0.43885316513764	-0.275563386995094	0.603894257351856	0.938339873305012	-1.4693352771067
1	0.534384387101187	0.210795088447782	0.0277316457350744	-0.750811168482675	1.59730471292654	0.635857461073208	0.0926151209873114	-0.0417780549787408	1.18685804094035	0.0573949176913599
1	-0.228551485508432	0.742227089578339	1.07550529699282	-1.56073152903618	0.97625094194597	-0.86232865141398	1.57649567765613	-0.178684781683653	1.10863596460135	-0.395791855349047
1	0.38844001255911	0.915254600652601	1.23526785710132	0.35965867021033	-0.416364114158371	0.309099735160568	-0.0128259152024198	-0.772258310734204	0.672605962536103	-0.801256983100107
1	0.210794482552273	6.93619449179886e-05	4.0869380362155e-05	-0.068288596225136	-0.945286475547168	0.0970116630084435	-1.45901373726761	-0.68760350455037	0.865491413614959	-0.125641369476363
1	0.363786601176815	1.03198346555828	0.194946048936769	-0.414803217808143	-0.0339771151474871	-0.796631778101245	2.12237417882216	0.661348676966053	1.89498502795937	0.49341887195266
1	1.29907084492753	0.528267094806894	0.0360585173979897	1.68502268945063	1.49322297625561	0.137605776827773	-0.00803084637637229	-0.499318041421489	1.33767927420399	-0.115461162365649
1	0.144179512256452	6.32706593818188	3.1213881883085	-0.974135955114201	1.19836731624252	0.0842895927833702	1.22484720853004	-1.93293176605143	0.850756511262043	0.119038012485014
0	1.14143243723904	0.405625435821009	0.0121294921786703	1.17753124519632	0.183818238814381	0.183472023998442	-0.389292204114776	0.153942882064264	0.759982276969815	0.851078668846115
1	0.17311505870195	0.0014574693298989	0.49661718908785	-0.866485101978359	-2.73776903490289	-0.801826579068804	-1.31226851653691	0.871562396870535	0.928864504795755	0.769229511027971
0	-1.2697849237357	0.0779351100879448	0.0668605926800536	-0.576531990744513	1.49088976037723	-0.643984413537851	-1.3715664249747	-0.0608609949042325	0.765783413478588	0.458514615949135
1	-0.623958799427399	1.92261354245139	2.17264762120656	-0.744085223177995	0.307540024530772	-1.06346571403806	-0.0284133829663624	-1.36005630515235	0.561116481907832	-0.579061311354761
1	1.94955046512665	0.157131955036479	0.606727474167404	0.587846728574966	0.665285883697009	-0.9664363028056	0.138490196761372	0.68173834614842	1.29425518379304	-1.23701133488823
1	-1.23900059862159	0.00262224079323177	0.00528674160318323	0.774445700956054	-0.402235400960367	1.09468652864308	-0.0600539251139437	-1.74517756577123	1.53815839022674	-0.20132825491055
1	1.80673761083458	1.14786044318388	0.0175351511838984	-0.853496885402263	1.18155072403943	-0.204193138836612	0.84639621177957	-0.112899831225242	0.310568750075856	0.29080092275425
